0.000000000000000000e+00,0.000000000000000000e+00,0.000000000000000000e+00,0.000000000000000000e+00,0.000000000000000000e+00,0.000000000000000000e+00,0.000000000000000000e+00,0.000000000000000000e+00,0.000000000000000000e+00,0.000000000000000000e+00,0.000000000000000000e+00,0.000000000000000000e+00,0.000000000000000000e+00,0.000000000000000000e+00,0.000000000000000000e+00,0.000000000000000000e+00,0.000000000000000000e+00,0.000000000000000000e+00,0.000000000000000000e+00,0.000000000000000000e+00,0.000000000000000000e+00
1.000000000000000000e+00,1.000000000000000000e+00,1.000000000000000000e+00,1.000000000000000000e+00,1.000000000000000000e+00,1.000000000000000000e+00,1.000000000000000000e+00,1.000000000000000000e+00,1.000000000000000000e+00,1.000000000000000000e+00,1.000000000000000000e+00,1.000000000000000000e+00,1.000000000000000000e+00,1.000000000000000000e+00,1.000000000000000000e+00,1.000000000000000000e+00,1.000000000000000000e+00,1.000000000000000000e+00,1.000000000000000000e+00,1.000000000000000000e+00,1.000000000000000000e+00
8.807305097579956055e-01,4.258433282375335693e-01,1.575068980455398560e-01,1.147911027073860168e-01,2.497269660234451294e-01,3.378191292285919189e-01,4.141779541969299316e-01,4.460933506488800049e-01,5.017926692962646484e-01,5.112071633338928223e-01,5.166346430778503418e-01,5.856020450592041016e-01,5.765489935874938965e-01,5.877005457878112793e-01,6.283808350563049316e-01,6.894075274467468262e-01,7.358070611953735352e-01,8.081103563308715820e-01,8.524150848388671875e-01,8.936309218406677246e-01,9.137948155403137207e-01
8.360214233398437500e-01,5.342414379119873047e-01,3.774611055850982666e-01,3.710678219795227051e-01,4.373547136783599854e-01,4.813419282436370850e-01,5.631003379821777344e-01,5.723462104797363281e-01,6.137605905532836914e-01,6.246665716171264648e-01,6.312773227691650391e-01,6.957029700279235840e-01,6.790895462036132812e-01,6.654836535453796387e-01,6.777994632720947266e-01,7.075062394142150879e-01,7.232030034065246582e-01,7.919887900352478027e-01,8.390752673149108887e-01,8.806524276733398438e-01,9.090653061866760254e-01
8.986572623252868652e-01,7.050307393074035645e-01,5.592934489250183105e-01,5.690465569496154785e-01,6.578962802886962891e-01,7.007539868354797363e-01,7.399020791053771973e-01,7.425171732902526855e-01,8.110434412956237793e-01,8.300693035125732422e-01,8.311920166015625000e-01,8.502523303031921387e-01,8.233228325843811035e-01,8.059058189392089844e-01,8.029433488845825195e-01,8.114206790924072266e-01,8.007212877273559570e-01,8.321514725685119629e-01,8.686667084693908691e-01,8.929875493049621582e-01,9.106040000915527344e-01
8.365259766578674316e-01,5.095298886299133301e-01,3.205275535583496094e-01,3.268028795719146729e-01,4.411163628101348877e-01,5.158134698867797852e-01,5.856248736381530762e-01,5.979665517807006836e-01,6.263524293899536133e-01,6.202323436737060547e-01,6.154187321662902832e-01,6.554521918296813965e-01,6.653518676757812500e-01,6.648500561714172363e-01,6.764993071556091309e-01,7.137809991836547852e-01,7.493157386779785156e-01,8.130522966384887695e-01,8.669960498809814453e-01,8.947739601135253906e-01,9.140897393226623535e-01
8.487684726715087891e-01,6.203341484069824219e-01,4.706397354602813721e-01,4.792967736721038818e-01,5.721834301948547363e-01,6.273412108421325684e-01,6.715842485427856445e-01,6.748267412185668945e-01,7.156996130943298340e-01,7.341498136520385742e-01,7.373915910720825195e-01,7.627612948417663574e-01,7.648791074752807617e-01,7.533766031265258789e-01,7.503405809402465820e-01,7.634878158569335938e-01,7.605062723159790039e-01,7.926494479179382324e-01,8.395203351974487305e-01,8.740321397781372070e-01,8.950495719909667969e-01
8.575154542922973633e-01,6.394672989845275879e-01,4.902626276016235352e-01,4.926011264324188232e-01,5.903431177139282227e-01,6.450665593147277832e-01,6.927461028099060059e-01,7.058582305908203125e-01,7.339174747467041016e-01,7.489057183265686035e-01,7.472330331802368164e-01,7.722561359405517578e-01,7.597929835319519043e-01,7.454990148544311523e-01,7.443660497665405273e-01,7.614071369171142578e-01,7.721676826477050781e-01,8.111901879310607910e-01,8.486866354942321777e-01,8.840947151184082031e-01,8.997460007667541504e-01
8.645197749137878418e-01,5.750848054885864258e-01,4.174118638038635254e-01,4.377341568470001221e-01,5.711862444877624512e-01,6.383521556854248047e-01,6.831436157226562500e-01,6.963836550712585449e-01,7.351708412170410156e-01,7.459098696708679199e-01,7.416169643402099609e-01,7.703205943107604980e-01,7.498820424079895020e-01,7.447679042816162109e-01,7.514244318008422852e-01,7.714207768440246582e-01,7.827667593955993652e-01,8.150721788406372070e-01,8.595936298370361328e-01,8.922592401504516602e-01,8.972920775413513184e-01
8.671148419380187988e-01,6.819527745246887207e-01,5.551238656044006348e-01,5.539467334747314453e-01,6.543740034103393555e-01,6.983391046524047852e-01,7.371932268142700195e-01,7.461221814155578613e-01,7.895512580871582031e-01,8.109418749809265137e-01,8.071947097778320312e-01,8.236680626869201660e-01,7.966359853744506836e-01,7.743412852287292480e-01,7.693700194358825684e-01,7.767191529273986816e-01,7.796834111213684082e-01,8.257908821105957031e-01,8.647230863571166992e-01,8.925360441207885742e-01,9.026758670806884766e-01
8.535471558570861816e-01,5.871448516845703125e-01,4.309455156326293945e-01,4.363456666469573975e-01,5.326578021049499512e-01,5.704130530357360840e-01,6.132286190986633301e-01,6.339601874351501465e-01,6.822133660316467285e-01,7.025052309036254883e-01,6.905085444450378418e-01,7.115325331687927246e-01,7.060505747795104980e-01,6.900557279586791992e-01,6.932464838027954102e-01,7.159957289695739746e-01,7.442426085472106934e-01,8.097221851348876953e-01,8.380796313285827637e-01,8.593998551368713379e-01,8.737741708755493164e-01
8.496232628822326660e-01,5.683662891387939453e-01,4.006057381629943848e-01,4.042899310588836670e-01,5.260123610496520996e-01,5.781108736991882324e-01,6.319380998611450195e-01,6.467213034629821777e-01,6.847409009933471680e-01,7.006590366363525391e-01,7.032152414321899414e-01,7.284787893295288086e-01,7.155604362487792969e-01,6.964049339294433594e-01,6.996752023696899414e-01,7.203705310821533203e-01,7.289868593215942383e-01,7.726964950561523438e-01,8.074221014976501465e-01,8.401761651039123535e-01,8.536478281021118164e-01
8.421258926391601562e-01,5.819188952445983887e-01,4.247370362281799316e-01,4.236138164997100830e-01,5.091156363487243652e-01,5.497192740440368652e-01,6.119115352630615234e-01,6.334469914436340332e-01,6.682418584823608398e-01,6.756427884101867676e-01,6.699683070182800293e-01,6.953639984130859375e-01,6.875351667404174805e-01,6.689816117286682129e-01,6.715339422225952148e-01,6.869149208068847656e-01,6.964997053146362305e-01,7.596616148948669434e-01,8.096495270729064941e-01,8.519118428230285645e-01,8.616349697113037109e-01
0.000000000000000000e+00,0.000000000000000000e+00,0.000000000000000000e+00,0.000000000000000000e+00,-0.000000000000000000e+00,-0.000000000000000000e+00,-0.000000000000000000e+00,-0.000000000000000000e+00,-0.000000000000000000e+00,-0.000000000000000000e+00,-0.000000000000000000e+00,-0.000000000000000000e+00,-0.000000000000000000e+00,-0.000000000000000000e+00,-0.000000000000000000e+00,-0.000000000000000000e+00,-0.000000000000000000e+00,0.000000000000000000e+00,0.000000000000000000e+00,0.000000000000000000e+00,0.000000000000000000e+00
-3.109246522005967991e-17,-3.109246522005967991e-17,-3.109246522005967991e-17,-3.109246522005967991e-17,-3.469446951953614189e-18,-3.469446951953614189e-18,-3.469446951953614189e-18,-3.469446951953614189e-18,-3.469446951953614189e-18,-3.469446951953614189e-18,-3.469446951953614189e-18,-3.469446951953614189e-18,-3.469446951953614189e-18,-3.469446951953614189e-18,-3.469446951953614189e-18,-3.469446951953614189e-18,-3.469446951953614189e-18,-3.109246522005967991e-17,-3.109246522005967991e-17,-3.109246522005967991e-17,-3.109246522005967991e-17
-1.197718549519777298e-02,-1.197718549519777298e-02,-1.197718549519777298e-02,-1.197718549519777298e-02,-1.197718549519777298e-02,3.668946772813796997e-02,5.396941304206848145e-02,5.197262763977050781e-02,3.867773339152336121e-02,2.967496961355209351e-02,2.509234473109245300e-02,2.609870582818984985e-02,2.827082574367523193e-02,3.507621213793754578e-02,4.051449522376060486e-02,4.346599429845809937e-02,4.722576215863227844e-02,4.722576215863227844e-02,4.722576215863227844e-02,4.722576215863227844e-02,4.722576215863227844e-02
-4.886274226009845734e-03,-4.886274226009845734e-03,-4.886274226009845734e-03,-4.886274226009845734e-03,-4.886274226009845734e-03,2.664835564792156219e-02,3.699795156717300415e-02,3.696030005812644958e-02,2.997827902436256409e-02,2.247941307723522186e-02,1.566505245864391327e-02,1.437005214393138885e-02,1.248522661626338959e-02,1.612303964793682098e-02,2.083831280469894409e-02,2.530281431972980499e-02,3.287405893206596375e-02,3.287405893206596375e-02,3.287405893206596375e-02,3.287405893206596375e-02,3.287405893206596375e-02
4.248811863362789154e-03,4.248811863362789154e-03,4.248811863362789154e-03,4.248811863362789154e-03,4.248811863362789154e-03,2.807252109050750732e-02,3.697866573929786682e-02,3.290803730487823486e-02,2.300555445253849030e-02,1.510814111679792404e-02,8.117880672216415405e-03,3.251959802582859993e-03,-3.301305463537573814e-03,-3.018771531060338020e-03,9.317994117736816406e-04,5.954029038548469543e-03,1.270912308245897293e-02,1.270912308245897293e-02,1.270912308245897293e-02,1.270912308245897293e-02,1.270912308245897293e-02
2.397017087787389755e-03,2.397017087787389755e-03,2.397017087787389755e-03,2.397017087787389755e-03,2.397017087787389755e-03,3.411867097020149231e-02,4.187463968992233276e-02,3.478449583053588867e-02,2.329519577324390411e-02,1.565608195960521698e-02,1.128944940865039825e-02,1.254778262227773666e-02,1.506763696670532227e-02,2.167959883809089661e-02,2.826613746583461761e-02,3.219067677855491638e-02,3.608313202857971191e-02,3.608313202857971191e-02,3.608313202857971191e-02,3.608313202857971191e-02,3.608313202857971191e-02
3.018930088728666306e-03,3.018930088728666306e-03,3.018930088728666306e-03,3.018930088728666306e-03,3.018930088728666306e-03,2.801505103707313538e-02,3.610140830278396606e-02,3.145358711481094360e-02,2.279967814683914185e-02,1.635978743433952332e-02,1.129409018903970718e-02,8.741805329918861389e-03,4.729232285171747208e-03,4.837618209421634674e-03,8.325750008225440979e-03,1.262864097952842712e-02,1.816949434578418732e-02,1.816949434578418732e-02,1.816949434578418732e-02,1.816949434578418732e-02,1.816949434578418732e-02
4.370220936834812164e-03,4.370220936834812164e-03,4.370220936834812164e-03,4.370220936834812164e-03,4.370220936834812164e-03,2.829392440617084503e-02,3.574559465050697327e-02,3.063565865159034729e-02,2.018982544541358948e-02,1.248303055763244629e-02,6.675059441477060318e-03,4.321464803069829941e-03,2.633566735312342644e-03,4.780281800776720047e-03,9.387901052832603455e-03,1.455365400761365891e-02,2.056705579161643982e-02,2.056705579161643982e-02,2.056705579161643982e-02,2.056705579161643982e-02,2.056705579161643982e-02
9.643038734793663025e-03,9.643038734793663025e-03,9.643038734793663025e-03,9.643038734793663025e-03,9.643038734793663025e-03,3.776389360427856445e-02,4.345580562949180603e-02,3.514634445309638977e-02,2.128602378070354462e-02,1.300330460071563721e-02,7.868485525250434875e-03,5.914839915931224823e-03,4.349643830209970474e-03,6.730689667165279388e-03,1.164306234568357468e-02,1.648067124187946320e-02,2.153506502509117126e-02,2.153506502509117126e-02,2.153506502509117126e-02,2.153506502509117126e-02,2.153506502509117126e-02
6.513082887977361679e-03,6.513082887977361679e-03,6.513082887977361679e-03,6.513082887977361679e-03,6.513082887977361679e-03,2.810681238770484924e-02,3.495677188038825989e-02,3.024851717054843903e-02,1.916429027915000916e-02,1.091787032783031464e-02,4.004335496574640274e-03,-3.652622399386018515e-04,-4.451928660273551941e-03,-2.405027626082301140e-03,3.415911458432674408e-03,9.882430545985698700e-03,1.697536185383796692e-02,1.697536185383796692e-02,1.697536185383796692e-02,1.697536185383796692e-02,1.697536185383796692e-02
-7.709259516559541225e-04,-7.709259516559541225e-04,-7.709259516559541225e-04,-7.709259516559541225e-04,-7.709259516559541225e-04,2.818408235907554626e-02,3.665648400783538818e-02,3.179114684462547302e-02,2.233390696346759796e-02,1.534127350896596909e-02,9.084329940378665924e-03,5.864742211997509003e-03,4.543125629425048828e-03,9.769871830940246582e-03,1.645295694470405579e-02,2.129809185862541199e-02,2.603865787386894226e-02,2.603865787386894226e-02,2.603865787386894226e-02,2.603865787386894226e-02,2.603865787386894226e-02
3.533687675371766090e-03,3.533687675371766090e-03,3.533687675371766090e-03,3.533687675371766090e-03,3.533687675371766090e-03,3.287274762988090515e-02,4.142688214778900146e-02,3.543772175908088684e-02,2.342980168759822845e-02,1.510054245591163635e-02,8.490968495607376099e-03,5.720613524317741394e-03,3.282739780843257904e-03,5.556048825383186340e-03,1.000498328357934952e-02,1.507115457206964493e-02,2.085805125534534454e-02,2.085805125534534454e-02,2.085805125534534454e-02,2.085805125534534454e-02,2.085805125534534454e-02
-6.749565363861620426e-04,-6.749565363861620426e-04,-6.749565363861620426e-04,-6.749565363861620426e-04,-6.749565363861620426e-04,2.713120542466640472e-02,3.564986959099769592e-02,3.129560127854347229e-02,2.181536145508289337e-02,1.382467802613973618e-02,6.723355036228895187e-03,3.799874568358063698e-03,2.059944439679384232e-03,6.379501894116401672e-03,1.312466897070407867e-02,1.998100429773330688e-02,2.656946331262588501e-02,2.656946331262588501e-02,2.656946331262588501e-02,2.656946331262588501e-02,2.656946331262588501e-02
0.000000000000000000e+00,0.000000000000000000e+00,0.000000000000000000e+00,0.000000000000000000e+00,0.000000000000000000e+00,0.000000000000000000e+00,0.000000000000000000e+00,0.000000000000000000e+00,0.000000000000000000e+00,0.000000000000000000e+00,0.000000000000000000e+00,0.000000000000000000e+00,0.000000000000000000e+00,0.000000000000000000e+00,0.000000000000000000e+00,0.000000000000000000e+00,0.000000000000000000e+00,0.000000000000000000e+00,0.000000000000000000e+00,0.000000000000000000e+00,0.000000000000000000e+00
-3.743857833595425717e-17,-3.743857833595425717e-17,-3.743857833595425717e-17,-3.743857833595425717e-17,1.387778780781445676e-17,1.387778780781445676e-17,1.387778780781445676e-17,1.387778780781445676e-17,1.387778780781445676e-17,1.387778780781445676e-17,1.387778780781445676e-17,1.387778780781445676e-17,1.387778780781445676e-17,1.387778780781445676e-17,1.387778780781445676e-17,1.387778780781445676e-17,1.387778780781445676e-17,-3.743857833595425717e-17,-3.743857833595425717e-17,-3.743857833595425717e-17,-3.743857833595425717e-17
5.963595956563949585e-02,5.963595956563949585e-02,5.963595956563949585e-02,5.963595956563949585e-02,5.963595956563949585e-02,1.801443472504615784e-02,-9.446487762033939362e-03,-1.365809235721826553e-02,-8.997376076877117157e-03,-6.366517860442399979e-03,-2.547574229538440704e-03,1.337261288426816463e-03,5.237765144556760788e-03,7.078112103044986725e-03,7.168997544795274734e-03,7.089696358889341354e-03,1.702041627140715718e-04,1.702041627140715718e-04,1.702041627140715718e-04,1.702041627140715718e-04,1.702041627140715718e-04
3.804644569754600525e-02,3.804644569754600525e-02,3.804644569754600525e-02,3.804644569754600525e-02,3.804644569754600525e-02,1.126859150826931000e-02,-5.127296317368745804e-03,-6.388791371136903763e-03,-5.800209473818540573e-03,-6.486848462373018265e-03,-4.339017905294895172e-03,-3.538331249728798866e-03,-9.402327123098075390e-04,3.344702301546931267e-03,7.507699076086282730e-03,1.112155523151159286e-02,6.928171031177043915e-03,6.928171031177043915e-03,6.928171031177043915e-03,6.928171031177043915e-03,6.928171031177043915e-03
2.784925512969493866e-02,2.784925512969493866e-02,2.784925512969493866e-02,2.784925512969493866e-02,2.784925512969493866e-02,9.318176656961441040e-03,-5.103387404233217239e-03,-7.140728645026683807e-03,-6.909983232617378235e-03,-8.944796398282051086e-03,-9.146331809461116791e-03,-7.384053431451320648e-03,-2.325510373339056969e-03,1.964392373338341713e-03,6.119265221059322357e-03,8.786736987531185150e-03,6.740632466971874237e-03,6.740632466971874237e-03,6.740632466971874237e-03,6.740632466971874237e-03,6.740632466971874237e-03
3.964728489518165588e-02,3.964728489518165588e-02,3.964728489518165588e-02,3.964728489518165588e-02,3.964728489518165588e-02,6.693671923130750656e-03,-1.374624576419591904e-02,-1.461563631892204285e-02,-7.932486012578010559e-03,-3.737425664439797401e-03,-3.234909090679138899e-04,1.485044020228087902e-03,3.829615190625190735e-03,5.677001085132360458e-03,7.582446560263633728e-03,8.214443922042846680e-03,4.007120151072740555e-03,4.007120151072740555e-03,4.007120151072740555e-03,4.007120151072740555e-03,4.007120151072740555e-03
2.917083725333213806e-02,2.917083725333213806e-02,2.917083725333213806e-02,2.917083725333213806e-02,2.917083725333213806e-02,7.155981380492448807e-03,-7.689612917602062225e-03,-8.717830292880535126e-03,-5.129722412675619125e-03,-4.698936827480792999e-03,-4.823878407478332520e-03,-4.673052113503217697e-03,-2.503367140889167786e-03,4.316119302529841661e-04,4.426016006618738174e-03,8.092318661510944366e-03,7.546575739979743958e-03,7.546575739979743958e-03,7.546575739979743958e-03,7.546575739979743958e-03,7.546575739979743958e-03
2.893099188804626465e-02,2.893099188804626465e-02,2.893099188804626465e-02,2.893099188804626465e-02,2.893099188804626465e-02,6.801260635256767273e-03,-8.818835020065307617e-03,-1.026663929224014282e-02,-6.935281213372945786e-03,-6.231554783880710602e-03,-5.098387133330106735e-03,-3.438069019466638565e-03,-4.067435220349580050e-04,3.395022358745336533e-03,6.513991393148899078e-03,9.035608731210231781e-03,6.390298716723918915e-03,6.390298716723918915e-03,6.390298716723918915e-03,6.390298716723918915e-03,6.390298716723918915e-03
3.283545374870300293e-02,3.283545374870300293e-02,3.283545374870300293e-02,3.283545374870300293e-02,3.283545374870300293e-02,4.095966462045907974e-03,-1.312970183789730072e-02,-1.319904625415802002e-02,-8.159891702234745026e-03,-6.490655243396759033e-03,-4.832714330404996872e-03,-2.559796907007694244e-03,9.201100911013782024e-04,3.520961618050932884e-03,6.205107085406780243e-03,8.290429599583148956e-03,4.472305998206138611e-03,4.472305998206138611e-03,4.472305998206138611e-03,4.472305998206138611e-03,4.472305998206138611e-03
2.525606006383895874e-02,2.525606006383895874e-02,2.525606006383895874e-02,2.525606006383895874e-02,2.525606006383895874e-02,6.904328241944313049e-03,-6.822441704571247101e-03,-8.976520039141178131e-03,-7.216207217425107956e-03,-8.549751713871955872e-03,-8.213736116886138916e-03,-6.209398154169321060e-03,-1.426836592145264149e-03,4.382334649562835693e-03,8.644865825772285461e-03,1.085255388170480728e-02,7.228981703519821167e-03,7.228981703519821167e-03,7.228981703519821167e-03,7.228981703519821167e-03,7.228981703519821167e-03
3.339303657412528992e-02,3.339303657412528992e-02,3.339303657412528992e-02,3.339303657412528992e-02,3.339303657412528992e-02,9.635362774133682251e-03,-6.677958648651838303e-03,-9.052618406713008881e-03,-6.789227481931447983e-03,-7.840343751013278961e-03,-6.721883546561002731e-03,-3.648611949756741524e-03,1.844636048190295696e-03,7.307867985218763351e-03,8.829224854707717896e-03,8.743649348616600037e-03,4.347654525190591812e-03,4.347654525190591812e-03,4.347654525190591812e-03,4.347654525190591812e-03,4.347654525190591812e-03
3.460259363055229187e-02,3.460259363055229187e-02,3.460259363055229187e-02,3.460259363055229187e-02,3.460259363055229187e-02,7.520931772887706757e-03,-9.751741774380207062e-03,-1.131171174347400665e-02,-7.297282572835683823e-03,-7.556501310318708420e-03,-6.222948897629976273e-03,-4.103441722691059113e-03,-4.886824754066765308e-04,3.682836657389998436e-03,6.863652262836694717e-03,8.951816707849502563e-03,5.790571682155132294e-03,5.790571682155132294e-03,5.790571682155132294e-03,5.790571682155132294e-03,5.790571682155132294e-03
3.414652496576309204e-02,3.414652496576309204e-02,3.414652496576309204e-02,3.414652496576309204e-02,3.414652496576309204e-02,9.424773976206779480e-03,-7.412059232592582703e-03,-1.006380468606948853e-02,-7.906053215265274048e-03,-7.950573228299617767e-03,-5.409575998783111572e-03,-3.015736117959022522e-03,1.603269483894109726e-04,4.787361249327659607e-03,8.790648542344570160e-03,1.164502184838056564e-02,7.904231548309326172e-03,7.904231548309326172e-03,7.904231548309326172e-03,7.904231548309326172e-03,7.904231548309326172e-03
