0.000000000000000000e+00,0.000000000000000000e+00,0.000000000000000000e+00,2.750814855098724365e-01,3.899724185466766357e-01,1.806175559759140015e-01,0.000000000000000000e+00,0.000000000000000000e+00,0.000000000000000000e+00,0.000000000000000000e+00,0.000000000000000000e+00,0.000000000000000000e+00,0.000000000000000000e+00,0.000000000000000000e+00,0.000000000000000000e+00,0.000000000000000000e+00,0.000000000000000000e+00,0.000000000000000000e+00,0.000000000000000000e+00,0.000000000000000000e+00,0.000000000000000000e+00,0.000000000000000000e+00,0.000000000000000000e+00
1.000000000000000000e+00,1.000000000000000000e+00,1.000000000000000000e+00,1.000000000000000000e+00,1.000000000000000000e+00,1.000000000000000000e+00,1.000000000000000000e+00,1.000000000000000000e+00,1.000000000000000000e+00,1.000000000000000000e+00,1.000000000000000000e+00,1.000000000000000000e+00,1.000000000000000000e+00,1.000000000000000000e+00,1.000000000000000000e+00,1.000000000000000000e+00,1.000000000000000000e+00,1.000000000000000000e+00,1.000000000000000000e+00,1.000000000000000000e+00,1.000000000000000000e+00,1.000000000000000000e+00,1.000000000000000000e+00
7.762420177459716797e-01,7.426381707191467285e-01,3.799912929534912109e-01,0.000000000000000000e+00,0.000000000000000000e+00,0.000000000000000000e+00,2.511942014098167419e-02,1.085403189063072205e-01,2.127746045589447021e-01,2.454435229301452637e-01,2.826284468173980713e-01,3.196568191051483154e-01,3.160112798213958740e-01,3.422076404094696045e-01,3.841079175472259521e-01,4.496327340602874756e-01,4.947665333747863770e-01,5.567466616630554199e-01,6.159952878952026367e-01,6.489669680595397949e-01,6.928483247756958008e-01,7.413749098777770996e-01,7.697827219963073730e-01
8.815457224845886230e-01,8.773760795593261719e-01,6.405151486396789551e-01,3.868404328823089600e-01,3.615981042385101318e-01,4.253889918327331543e-01,5.425651669502258301e-01,6.213368177413940430e-01,6.886045336723327637e-01,7.045482993125915527e-01,6.949492096900939941e-01,6.756939888000488281e-01,7.186791300773620605e-01,7.619368433952331543e-01,7.658650875091552734e-01,8.147885799407958984e-01,7.803298234939575195e-01,7.997819185256958008e-01,8.186583518981933594e-01,7.978704571723937988e-01,8.189493417739868164e-01,8.476681113243103027e-01,8.618345856666564941e-01
8.090556263923645020e-01,7.838746309280395508e-01,6.138801574707031250e-01,3.602280020713806152e-01,3.121371567249298096e-01,2.889968454837799072e-01,3.362811505794525146e-01,4.077920019626617432e-01,4.284079670906066895e-01,4.430817961692810059e-01,4.705896377563476562e-01,4.732665717601776123e-01,4.941451847553253174e-01,5.407958626747131348e-01,6.137033104896545410e-01,7.099525928497314453e-01,7.018418908119201660e-01,7.447408437728881836e-01,7.569208741188049316e-01,7.506461143493652344e-01,7.806894183158874512e-01,8.068904876708984375e-01,8.296030163764953613e-01
8.170726895332336426e-01,8.074938654899597168e-01,6.642030477523803711e-01,4.660288095474243164e-01,4.198267757892608643e-01,3.777404427528381348e-01,4.016219675540924072e-01,4.508894979953765869e-01,5.008533596992492676e-01,5.248894095420837402e-01,5.194767117500305176e-01,5.261251330375671387e-01,5.052568316459655762e-01,5.178146958351135254e-01,5.878468155860900879e-01,6.778988838195800781e-01,6.972413063049316406e-01,7.500202059745788574e-01,7.641494274139404297e-01,7.651646733283996582e-01,7.955310940742492676e-01,8.109074234962463379e-01,8.339696526527404785e-01
7.455562949180603027e-01,7.103618383407592773e-01,5.396936535835266113e-01,1.964249312877655029e-01,1.659620851278305054e-01,2.294434756040573120e-01,2.897137999534606934e-01,3.823381066322326660e-01,4.130281507968902588e-01,4.217588007450103760e-01,4.695232808589935303e-01,4.814947247505187988e-01,5.176960825920104980e-01,5.666381120681762695e-01,5.986003279685974121e-01,6.456691026687622070e-01,6.407380700111389160e-01,6.984164714813232422e-01,7.300037145614624023e-01,7.256590127944946289e-01,7.555433511734008789e-01,7.547630667686462402e-01,7.666265368461608887e-01
7.447810173034667969e-01,7.207954525947570801e-01,6.709018349647521973e-01,4.858623147010803223e-01,4.397863745689392090e-01,3.816404938697814941e-01,4.026466012001037598e-01,4.844033420085906982e-01,5.276137590408325195e-01,5.272358655929565430e-01,5.477945208549499512e-01,5.834275484085083008e-01,5.734144449234008789e-01,6.120362877845764160e-01,6.731724143028259277e-01,7.073702216148376465e-01,6.934989690780639648e-01,7.379853129386901855e-01,7.499842643737792969e-01,7.393608093261718750e-01,7.598983645439147949e-01,7.823565006256103516e-01,7.870141267776489258e-01
8.100723028182983398e-01,7.828255891799926758e-01,6.826205849647521973e-01,5.050592422485351562e-01,4.763112366199493408e-01,5.365095734596252441e-01,6.075480580329895020e-01,6.631009578704833984e-01,7.109522819519042969e-01,6.959181427955627441e-01,6.943617463111877441e-01,7.191390991210937500e-01,6.795449256896972656e-01,6.903982162475585938e-01,7.532154917716979980e-01,7.972596883773803711e-01,7.957390546798706055e-01,8.220180869102478027e-01,8.022167086601257324e-01,7.506354451179504395e-01,7.538309693336486816e-01,7.808959484100341797e-01,8.003907799720764160e-01
8.521639108657836914e-01,8.195146918296813965e-01,5.525759458541870117e-01,2.734658718109130859e-01,2.336729317903518677e-01,2.447408288717269897e-01,3.027679324150085449e-01,3.543846905231475830e-01,3.863951563835144043e-01,3.818164765834808350e-01,4.210044145584106445e-01,4.225691854953765869e-01,4.217069447040557861e-01,4.681842923164367676e-01,5.375915169715881348e-01,6.016383767127990723e-01,6.420417428016662598e-01,6.951164007186889648e-01,7.422716617584228516e-01,7.483340501785278320e-01,7.763172388076782227e-01,8.030349016189575195e-01,8.308482170104980469e-01
8.111504912376403809e-01,8.086594939231872559e-01,5.514749288558959961e-01,2.645958364009857178e-01,2.082592695951461792e-01,1.921639144420623779e-01,2.153365761041641235e-01,2.901854813098907471e-01,3.425745666027069092e-01,3.663877248764038086e-01,4.074944853782653809e-01,3.602519333362579346e-01,3.896510899066925049e-01,4.493019878864288330e-01,5.036218166351318359e-01,5.705596208572387695e-01,5.801920890808105469e-01,6.234000921249389648e-01,6.783043742179870605e-01,7.056754231452941895e-01,7.479208111763000488e-01,7.852518558502197266e-01,8.251967430114746094e-01
8.299599289894104004e-01,8.021647334098815918e-01,6.658884286880493164e-01,4.142909049987792969e-01,3.538840711116790771e-01,3.678633868694305420e-01,3.840526938438415527e-01,4.464699327945709229e-01,4.984271228313446045e-01,5.193218588829040527e-01,5.270318388938903809e-01,4.909871518611907959e-01,4.996627569198608398e-01,5.581672191619873047e-01,6.067917943000793457e-01,6.628654003143310547e-01,6.665669679641723633e-01,7.099123597145080566e-01,7.500315904617309570e-01,7.455986738204956055e-01,7.748932838439941406e-01,7.978948354721069336e-01,7.905786633491516113e-01
7.996111512184143066e-01,7.777017354965209961e-01,6.826191544532775879e-01,4.710716307163238525e-01,4.102154374122619629e-01,3.655037879943847656e-01,3.940903246402740479e-01,4.690804481506347656e-01,5.397738218307495117e-01,5.593493580818176270e-01,5.697672367095947266e-01,5.630512237548828125e-01,5.736559629440307617e-01,6.260343790054321289e-01,6.902433037757873535e-01,7.309299707412719727e-01,7.366510629653930664e-01,7.744031548500061035e-01,7.882644534111022949e-01,7.581372857093811035e-01,7.710008621215820312e-01,7.911344170570373535e-01,7.831634283065795898e-01
-1.574398833326995373e-03,-1.574398833326995373e-03,-1.574398833326995373e-03,-1.574398833326995373e-03,-1.574398833326995373e-03,-1.566892303526401520e-02,-2.976344712078571320e-02,-4.385797306895256042e-02,-3.502903878688812256e-02,-1.204117015004158020e-02,-0.000000000000000000e+00,-0.000000000000000000e+00,-0.000000000000000000e+00,-0.000000000000000000e+00,-0.000000000000000000e+00,-0.000000000000000000e+00,-0.000000000000000000e+00,-0.000000000000000000e+00,-0.000000000000000000e+00,0.000000000000000000e+00,0.000000000000000000e+00,0.000000000000000000e+00,0.000000000000000000e+00
-3.109246522005967991e-17,-3.109246522005967991e-17,-3.109246522005967991e-17,-3.109246522005967991e-17,-3.469446951953614189e-18,-3.469446951953614189e-18,-3.469446951953614189e-18,-3.469446951953614189e-18,-3.469446951953614189e-18,-3.469446951953614189e-18,-3.469446951953614189e-18,-3.469446951953614189e-18,-3.469446951953614189e-18,-3.469446951953614189e-18,-3.469446951953614189e-18,-3.469446951953614189e-18,-3.469446951953614189e-18,-3.469446951953614189e-18,-3.469446951953614189e-18,-3.109246522005967991e-17,-3.109246522005967991e-17,-3.109246522005967991e-17,-3.109246522005967991e-17
-8.109845221042633057e-02,-8.109845221042633057e-02,-8.109845221042633057e-02,-8.109845221042633057e-02,-8.109845221042633057e-02,-3.747047483921051025e-02,1.468281168490648270e-02,4.675091430544853210e-02,4.791561514139175415e-02,4.555988311767578125e-02,4.029404371976852417e-02,3.508801013231277466e-02,3.276741877198219299e-02,3.682792186737060547e-02,4.182787612080574036e-02,4.594882205128669739e-02,4.997524619102478027e-02,5.071312561631202698e-02,4.843849316239356995e-02,4.843849316239356995e-02,4.843849316239356995e-02,4.843849316239356995e-02,4.843849316239356995e-02
-2.828723192214965820e-02,-2.828723192214965820e-02,-2.828723192214965820e-02,-2.828723192214965820e-02,-2.828723192214965820e-02,1.715281163342297077e-03,3.368034213781356812e-02,4.766375944018363953e-02,4.278697818517684937e-02,3.315987065434455872e-02,2.243824489414691925e-02,1.906826160848140717e-02,1.542827673256397247e-02,1.604085788130760193e-02,1.738755777478218079e-02,1.464664004743099213e-02,9.991025552153587341e-03,8.444502018392086029e-03,9.297402575612068176e-03,9.297402575612068176e-03,9.297402575612068176e-03,9.297402575612068176e-03,9.297402575612068176e-03
-5.462112650275230408e-02,-5.462112650275230408e-02,-5.462112650275230408e-02,-5.462112650275230408e-02,-5.462112650275230408e-02,-3.000526502728462219e-02,4.456013557501137257e-04,2.213014103472232819e-02,2.641246840357780457e-02,2.756531722843647003e-02,2.783932350575923920e-02,3.305853530764579773e-02,3.746841102838516235e-02,4.155538603663444519e-02,4.240496456623077393e-02,3.989789634943008423e-02,3.494918346405029297e-02,2.836338058114051819e-02,2.196688018739223480e-02,2.196688018739223480e-02,2.196688018739223480e-02,2.196688018739223480e-02,2.196688018739223480e-02
-4.913568124175071716e-02,-4.913568124175071716e-02,-4.913568124175071716e-02,-4.913568124175071716e-02,-4.913568124175071716e-02,-2.781583927571773529e-02,-2.785355318337678909e-03,1.554774027317762375e-02,1.827639527618885040e-02,1.733827032148838043e-02,1.592862792313098907e-02,1.901081018149852753e-02,2.288349904119968414e-02,3.033257462084293365e-02,3.657381981611251831e-02,3.844402357935905457e-02,3.879789263010025024e-02,3.394772484898567200e-02,2.658735029399394989e-02,2.658735029399394989e-02,2.658735029399394989e-02,2.658735029399394989e-02,2.658735029399394989e-02
-4.635208100080490112e-02,-4.635208100080490112e-02,-4.635208100080490112e-02,-4.635208100080490112e-02,-4.635208100080490112e-02,-1.731384359300136566e-02,1.737244799733161926e-02,4.264846444129943848e-02,4.270215705037117004e-02,3.812556341290473938e-02,3.429196402430534363e-02,3.246619924902915955e-02,3.209780156612396240e-02,3.382546827197074890e-02,3.363003209233283997e-02,3.198790922760963440e-02,2.906676568090915680e-02,2.454290539026260376e-02,2.093733102083206177e-02,2.093733102083206177e-02,2.093733102083206177e-02,2.093733102083206177e-02,2.093733102083206177e-02
-3.697629272937774658e-02,-3.697629272937774658e-02,-3.697629272937774658e-02,-3.697629272937774658e-02,-3.697629272937774658e-02,-2.073600515723228455e-02,-1.498183119110763073e-03,1.884072087705135345e-02,2.455003000795841217e-02,2.753526531159877777e-02,2.687991969287395477e-02,2.539607137441635132e-02,2.472180686891078949e-02,2.712924033403396606e-02,2.679892070591449738e-02,2.376111783087253571e-02,2.186913415789604187e-02,1.769875362515449524e-02,1.357499975711107254e-02,1.357499975711107254e-02,1.357499975711107254e-02,1.357499975711107254e-02,1.357499975711107254e-02
-1.457247789949178696e-02,-1.457247789949178696e-02,-1.457247789949178696e-02,-1.457247789949178696e-02,-1.457247789949178696e-02,3.078092588111758232e-03,2.025691419839859009e-02,3.221153840422630310e-02,2.612113207578659058e-02,1.545051578432321548e-02,1.041612960398197174e-02,1.062613166868686676e-02,1.220230571925640106e-02,1.730739139020442963e-02,1.798844151198863983e-02,1.332940068095922470e-02,1.001027785241603851e-02,4.617775324732065201e-03,-2.598146675154566765e-04,-2.598146675154566765e-04,-2.598146675154566765e-04,-2.598146675154566765e-04,-2.598146675154566765e-04
-6.311343610286712646e-02,-6.311343610286712646e-02,-6.311343610286712646e-02,-6.311343610286712646e-02,-6.311343610286712646e-02,-3.364004194736480713e-02,3.564233426004648209e-03,2.526977099478244781e-02,2.582543157041072845e-02,2.369281835854053497e-02,2.320115640759468079e-02,2.693403325974941254e-02,3.268069028854370117e-02,3.983891010284423828e-02,4.461390525102615356e-02,4.705113545060157776e-02,4.602881148457527161e-02,4.082001373171806335e-02,3.498308360576629639e-02,3.498308360576629639e-02,3.498308360576629639e-02,3.498308360576629639e-02,3.498308360576629639e-02
-6.957390904426574707e-02,-6.957390904426574707e-02,-6.957390904426574707e-02,-6.957390904426574707e-02,-6.957390904426574707e-02,-3.895885869860649109e-02,1.601767493411898613e-03,2.426692657172679901e-02,2.817248925566673279e-02,2.927581034600734711e-02,2.864179573953151703e-02,2.921039052307605743e-02,3.073817491531372070e-02,3.467880561947822571e-02,3.958372771739959717e-02,4.454033821821212769e-02,4.340674728155136108e-02,4.075067117810249329e-02,3.913515433669090271e-02,3.913515433669090271e-02,3.913515433669090271e-02,3.913515433669090271e-02,3.913515433669090271e-02
-5.005524307489395142e-02,-5.005524307489395142e-02,-5.005524307489395142e-02,-5.005524307489395142e-02,-5.005524307489395142e-02,-2.565381303429603577e-02,2.122652484104037285e-03,2.072532847523689270e-02,2.185493707656860352e-02,2.042807824909687042e-02,2.000308036804199219e-02,2.068329229950904846e-02,2.216483280062675476e-02,2.719754911959171295e-02,3.312135487794876099e-02,3.554696589708328247e-02,3.327905014157295227e-02,2.853576838970184326e-02,2.320957928895950317e-02,2.320957928895950317e-02,2.320957928895950317e-02,2.320957928895950317e-02,2.320957928895950317e-02
-4.413064569234848022e-02,-4.413064569234848022e-02,-4.413064569234848022e-02,-4.413064569234848022e-02,-4.413064569234848022e-02,-2.203421667218208313e-02,2.935315715149044991e-03,2.299913950264453888e-02,2.813378535211086273e-02,2.997923828661441803e-02,2.878233045339584351e-02,2.726775594055652618e-02,2.676976844668388367e-02,3.022019192576408386e-02,3.231550753116607666e-02,2.945525012910366058e-02,2.375339716672897339e-02,1.681168004870414734e-02,1.007879246026277542e-02,1.007879246026277542e-02,1.007879246026277542e-02,1.007879246026277542e-02,1.007879246026277542e-02
-3.365007042884826660e-02,-3.365007042884826660e-02,-3.365007042884826660e-02,-3.365007042884826660e-02,-3.365007042884826660e-02,-2.693189121782779694e-02,-9.230968542397022247e-03,1.945270225405693054e-02,2.637132257223129272e-02,1.094651874154806137e-02,0.000000000000000000e+00,0.000000000000000000e+00,0.000000000000000000e+00,0.000000000000000000e+00,0.000000000000000000e+00,0.000000000000000000e+00,0.000000000000000000e+00,0.000000000000000000e+00,0.000000000000000000e+00,0.000000000000000000e+00,0.000000000000000000e+00,0.000000000000000000e+00,0.000000000000000000e+00
-3.743857833595425717e-17,-3.743857833595425717e-17,-3.743857833595425717e-17,-3.743857833595425717e-17,1.387778780781445676e-17,1.387778780781445676e-17,1.387778780781445676e-17,1.387778780781445676e-17,1.387778780781445676e-17,1.387778780781445676e-17,1.387778780781445676e-17,1.387778780781445676e-17,1.387778780781445676e-17,1.387778780781445676e-17,1.387778780781445676e-17,1.387778780781445676e-17,1.387778780781445676e-17,1.387778780781445676e-17,1.387778780781445676e-17,-3.743857833595425717e-17,-3.743857833595425717e-17,-3.743857833595425717e-17,-3.743857833595425717e-17
6.582213938236236572e-02,6.582213938236236572e-02,6.582213938236236572e-02,6.582213938236236572e-02,6.582213938236236572e-02,6.606124341487884521e-02,3.511187434196472168e-02,5.952894221991300583e-03,-3.569884691387414932e-03,-1.036054268479347229e-02,-1.055402774363756180e-02,-3.169259522110223770e-03,3.833059221506118774e-03,6.499122362583875656e-03,7.936410605907440186e-03,5.455318838357925415e-03,3.932579129468649626e-04,-2.007958246394991875e-03,-3.618971677497029305e-03,-3.618971677497029305e-03,-3.618971677497029305e-03,-3.618971677497029305e-03,-3.618971677497029305e-03
5.184132605791091919e-02,5.184132605791091919e-02,5.184132605791091919e-02,5.184132605791091919e-02,5.184132605791091919e-02,4.686958342790603638e-02,1.728454604744911194e-02,-1.136217452585697174e-02,-1.787209883332252502e-02,-1.280041690915822983e-02,-4.983570892363786697e-03,2.414189977571368217e-03,2.739608287811279297e-03,1.046541437972337008e-04,-3.039745613932609558e-03,-6.609671749174594879e-03,-3.805701620876789093e-03,1.795023563317954540e-04,1.916227163746953011e-03,1.916227163746953011e-03,1.916227163746953011e-03,1.916227163746953011e-03,1.916227163746953011e-03
3.919868171215057373e-02,3.919868171215057373e-02,3.919868171215057373e-02,3.919868171215057373e-02,3.919868171215057373e-02,4.048395901918411255e-02,2.487646788358688354e-02,3.906388301402330399e-03,-3.411754732951521873e-03,-4.644769709557294846e-03,1.882120617665350437e-03,1.050818804651498795e-02,8.489022031426429749e-03,5.088657140731811523e-03,-4.509530554059892893e-04,-8.269689045846462250e-03,-1.081419270485639572e-02,-8.403910323977470398e-03,-3.008154919371008873e-03,-3.008154919371008873e-03,-3.008154919371008873e-03,-3.008154919371008873e-03,-3.008154919371008873e-03
3.126277029514312744e-02,3.126277029514312744e-02,3.126277029514312744e-02,3.126277029514312744e-02,3.126277029514312744e-02,3.594662994146347046e-02,2.293262258172035217e-02,6.005466450005769730e-03,-3.776402678340673447e-03,-9.168443270027637482e-03,-3.938545007258653641e-03,6.368766538798809052e-03,1.137546915560960770e-02,1.221482083201408386e-02,6.862547714263200760e-03,-1.093499129638075829e-03,-7.862560451030731201e-03,-9.741754271090030670e-03,-5.954124499112367630e-03,-5.954124499112367630e-03,-5.954124499112367630e-03,-5.954124499112367630e-03,-5.954124499112367630e-03
4.955627769231796265e-02,4.955627769231796265e-02,4.955627769231796265e-02,4.955627769231796265e-02,4.955627769231796265e-02,4.632676765322685242e-02,2.545211091637611389e-02,-2.971527166664600372e-03,-8.409331552684307098e-03,-5.210085306316614151e-03,-1.463074237108230591e-03,3.345892298966646194e-03,5.633782711811363697e-04,-4.120665835216641426e-04,-5.558842531172558665e-06,-3.394736442714929581e-03,-3.455117810517549515e-03,-3.816722892224788666e-03,-4.221280105412006378e-03,-4.221280105412006378e-03,-4.221280105412006378e-03,-4.221280105412006378e-03,-4.221280105412006378e-03
2.582636848092079163e-02,2.582636848092079163e-02,2.582636848092079163e-02,2.582636848092079163e-02,2.582636848092079163e-02,2.947660163044929504e-02,2.316083759069442749e-02,8.830472826957702637e-03,-4.947434063069522381e-04,-5.874303169548511505e-03,-1.834165072068572044e-03,4.181563388556241989e-03,2.758634975180029869e-03,7.709153578616678715e-04,-9.544810163788497448e-04,-4.067371599376201630e-03,-6.566533818840980530e-03,-3.892372129485011101e-03,-9.273546165786683559e-04,-9.273546165786683559e-04,-9.273546165786683559e-04,-9.273546165786683559e-04,-9.273546165786683559e-04
3.280504420399665833e-02,3.280504420399665833e-02,3.280504420399665833e-02,3.280504420399665833e-02,3.280504420399665833e-02,2.739989943802356720e-02,1.064913161098957062e-02,-6.631346885114908218e-03,-1.425137557089328766e-02,-1.191245205700397491e-02,-3.227948211133480072e-03,4.999017808586359024e-03,7.588639389723539352e-03,5.707442294806241989e-03,1.159157953225076199e-03,-6.170417182147502899e-03,-1.226017344743013382e-02,-9.184435009956359863e-03,-1.359176123514771461e-03,-1.359176123514771461e-03,-1.359176123514771461e-03,-1.359176123514771461e-03,-1.359176123514771461e-03
4.885546863079071045e-02,4.885546863079071045e-02,4.885546863079071045e-02,4.885546863079071045e-02,4.885546863079071045e-02,4.582890495657920837e-02,2.304369956254959106e-02,5.536759272217750549e-04,-6.518820766359567642e-03,-5.507631227374076843e-03,1.577026210725307465e-03,7.920064032077789307e-03,9.598921053111553192e-03,8.073643781244754791e-03,6.378190591931343079e-03,-9.952329564839601517e-04,-6.632610224187374115e-03,-7.454408332705497742e-03,-5.588608793914318085e-03,-5.588608793914318085e-03,-5.588608793914318085e-03,-5.588608793914318085e-03,-5.588608793914318085e-03
4.747104644775390625e-02,4.747104644775390625e-02,4.747104644775390625e-02,4.747104644775390625e-02,4.747104644775390625e-02,5.124894157052040100e-02,3.107075020670890808e-02,4.435934126377105713e-03,-5.167712923139333725e-03,-6.680668331682682037e-03,-2.279917476698756218e-03,5.935511551797389984e-03,7.687725126743316650e-03,6.514487788081169128e-03,4.586803261190652847e-03,-2.372275339439511299e-03,-3.072968218475580215e-03,-1.610424369573593140e-03,-1.897715119412168860e-04,-1.897715119412168860e-04,-1.897715119412168860e-04,-1.897715119412168860e-04,-1.897715119412168860e-04
3.714598715305328369e-02,3.714598715305328369e-02,3.714598715305328369e-02,3.714598715305328369e-02,3.714598715305328369e-02,3.974795341491699219e-02,2.509490773081779480e-02,1.050128717906773090e-03,-8.148082531988620758e-03,-6.935132201761007309e-03,-2.001089276745915413e-03,6.286705378443002701e-03,8.648650720715522766e-03,7.726964540779590607e-03,4.200961906462907791e-03,-3.629394108429551125e-03,-5.864107981324195862e-03,-4.126844462007284164e-03,-4.165166523307561874e-03,-4.165166523307561874e-03,-4.165166523307561874e-03,-4.165166523307561874e-03,-4.165166523307561874e-03
3.287984430789947510e-02,3.287984430789947510e-02,3.287984430789947510e-02,3.287984430789947510e-02,3.287984430789947510e-02,3.785647451877593994e-02,2.729461714625358582e-02,6.838082335889339447e-03,-4.202076699584722519e-03,-8.157891221344470978e-03,-2.936033532023429871e-03,4.389876499772071838e-03,6.502582691609859467e-03,4.612930119037628174e-03,6.786092126276344061e-05,-7.689572870731353760e-03,-1.041591726243495941e-02,-7.391189225018024445e-03,-4.263750743120908737e-03,-4.263750743120908737e-03,-4.263750743120908737e-03,-4.263750743120908737e-03,-4.263750743120908737e-03
