0.000000000000000000e+00,0.000000000000000000e+00,0.000000000000000000e+00,0.000000000000000000e+00,0.000000000000000000e+00,0.000000000000000000e+00,0.000000000000000000e+00,0.000000000000000000e+00,0.000000000000000000e+00,0.000000000000000000e+00,0.000000000000000000e+00,0.000000000000000000e+00,0.000000000000000000e+00,0.000000000000000000e+00,0.000000000000000000e+00,0.000000000000000000e+00,0.000000000000000000e+00,0.000000000000000000e+00,0.000000000000000000e+00
1.000000000000000000e+00,1.000000000000000000e+00,1.000000000000000000e+00,1.000000000000000000e+00,1.000000000000000000e+00,1.000000000000000000e+00,1.000000000000000000e+00,1.000000000000000000e+00,1.000000000000000000e+00,1.000000000000000000e+00,1.000000000000000000e+00,1.000000000000000000e+00,1.000000000000000000e+00,1.000000000000000000e+00,1.000000000000000000e+00,1.000000000000000000e+00,1.000000000000000000e+00,1.000000000000000000e+00,1.000000000000000000e+00
7.256699800491333008e-01,4.892922043800354004e-01,3.909621238708496094e-01,3.262341022491455078e-01,3.720546662807464600e-01,4.729990363121032715e-01,5.293646454811096191e-01,5.346816182136535645e-01,5.247685909271240234e-01,5.381295084953308105e-01,5.938106179237365723e-01,6.171057820320129395e-01,6.485537886619567871e-01,6.955996751785278320e-01,7.620376348495483398e-01,8.439661264419555664e-01,8.764684796333312988e-01,9.027851819992065430e-01,9.317902922630310059e-01
6.608014702796936035e-01,4.398515522480010986e-01,3.403115868568420410e-01,3.243993222713470459e-01,3.977681100368499756e-01,4.884167611598968506e-01,5.500091314315795898e-01,5.693827867507934570e-01,5.576367378234863281e-01,5.730909109115600586e-01,6.315913200378417969e-01,6.566062569618225098e-01,6.730831861495971680e-01,7.058860659599304199e-01,7.757719159126281738e-01,8.527774810791015625e-01,8.752182126045227051e-01,9.021860361099243164e-01,9.298935532569885254e-01
8.143383264541625977e-01,6.593307256698608398e-01,5.787566304206848145e-01,5.829830765724182129e-01,6.753662824630737305e-01,7.653803229331970215e-01,8.083883523941040039e-01,7.892778515815734863e-01,7.535896897315979004e-01,7.606282830238342285e-01,7.796596884727478027e-01,7.838530540466308594e-01,7.779334783554077148e-01,7.897114753723144531e-01,8.249924182891845703e-01,8.746600151062011719e-01,8.832730054855346680e-01,8.971725702285766602e-01,9.051144123077392578e-01
7.388166189193725586e-01,5.409045219421386719e-01,4.526173174381256104e-01,4.625942707061767578e-01,5.478012561798095703e-01,6.195828318595886230e-01,6.623042821884155273e-01,6.747261881828308105e-01,6.575886011123657227e-01,6.712560057640075684e-01,6.917582154273986816e-01,7.010788917541503906e-01,7.133944034576416016e-01,7.486645579338073730e-01,8.026005029678344727e-01,8.764256834983825684e-01,8.920115828514099121e-01,9.050037264823913574e-01,9.123408794403076172e-01
7.580922245979309082e-01,5.701692104339599609e-01,4.741611480712890625e-01,4.512832462787628174e-01,5.338718891143798828e-01,6.203794479370117188e-01,6.615691184997558594e-01,6.635542511940002441e-01,6.489207744598388672e-01,6.590156555175781250e-01,6.874286532402038574e-01,7.046393156051635742e-01,7.156804203987121582e-01,7.180556654930114746e-01,7.815132737159729004e-01,8.642616271972656250e-01,8.787187337875366211e-01,9.018604159355163574e-01,9.161796569824218750e-01
7.618295550346374512e-01,5.925205945968627930e-01,5.095024704933166504e-01,5.148082375526428223e-01,6.077660918235778809e-01,6.977626681327819824e-01,7.365912795066833496e-01,7.362849712371826172e-01,7.164019346237182617e-01,7.129750251770019531e-01,7.366093993186950684e-01,7.466250061988830566e-01,7.524222135543823242e-01,7.623490691184997559e-01,8.026674985885620117e-01,8.557633757591247559e-01,8.740808367729187012e-01,8.881994485855102539e-01,9.012506008148193359e-01
7.875971794128417969e-01,6.159805059432983398e-01,5.329949259757995605e-01,5.446142554283142090e-01,6.524216532707214355e-01,7.329218983650207520e-01,7.538881897926330566e-01,7.438598871231079102e-01,7.301453948020935059e-01,7.408668398857116699e-01,7.512370347976684570e-01,7.509416937828063965e-01,7.620275616645812988e-01,7.733649015426635742e-01,8.156567215919494629e-01,8.743367791175842285e-01,8.946893215179443359e-01,8.899707794189453125e-01,9.021367430686950684e-01
7.881064414978027344e-01,6.282249689102172852e-01,5.403197407722473145e-01,5.397913455963134766e-01,6.330451369285583496e-01,7.034425735473632812e-01,7.169945240020751953e-01,7.205863595008850098e-01,7.116470932960510254e-01,7.187106609344482422e-01,7.303012013435363770e-01,7.316598892211914062e-01,7.373048067092895508e-01,7.485837340354919434e-01,8.018143773078918457e-01,8.769004344940185547e-01,9.017282128334045410e-01,9.021472930908203125e-01,9.063627123832702637e-01
7.524436116218566895e-01,5.754877328872680664e-01,4.849219918251037598e-01,4.925957024097442627e-01,5.978970527648925781e-01,6.786046624183654785e-01,7.218502163887023926e-01,7.239143252372741699e-01,6.976562738418579102e-01,6.934024095535278320e-01,7.136743664741516113e-01,7.218656539916992188e-01,7.320947051048278809e-01,7.451421618461608887e-01,7.828449010848999023e-01,8.441324234008789062e-01,8.645708560943603516e-01,8.795520067214965820e-01,8.917557001113891602e-01
7.273275852203369141e-01,5.152997970581054688e-01,4.100668430328369141e-01,3.974075019359588623e-01,4.754473865032196045e-01,5.492549538612365723e-01,6.028614044189453125e-01,6.156427860260009766e-01,5.959873199462890625e-01,6.063095927238464355e-01,6.390736103057861328e-01,6.581169366836547852e-01,6.833802461624145508e-01,7.051348090171813965e-01,7.622619867324829102e-01,8.314970731735229492e-01,8.483402729034423828e-01,8.651840686798095703e-01,8.845548033714294434e-01
7.589552998542785645e-01,5.958600044250488281e-01,5.119458436965942383e-01,5.142500400543212891e-01,5.986422300338745117e-01,6.825852990150451660e-01,7.203368544578552246e-01,7.063857316970825195e-01,6.817760467529296875e-01,6.885367631912231445e-01,7.000436186790466309e-01,6.983491778373718262e-01,6.989239454269409180e-01,7.161633372306823730e-01,7.649117112159729004e-01,8.264554142951965332e-01,8.466078042984008789e-01,8.639183640480041504e-01,8.866313099861145020e-01
0.000000000000000000e+00,0.000000000000000000e+00,0.000000000000000000e+00,0.000000000000000000e+00,-0.000000000000000000e+00,-0.000000000000000000e+00,-0.000000000000000000e+00,-0.000000000000000000e+00,-0.000000000000000000e+00,-0.000000000000000000e+00,-0.000000000000000000e+00,-0.000000000000000000e+00,-0.000000000000000000e+00,-0.000000000000000000e+00,-0.000000000000000000e+00,0.000000000000000000e+00,0.000000000000000000e+00,0.000000000000000000e+00,0.000000000000000000e+00
-3.109246522005967991e-17,-3.109246522005967991e-17,-3.109246522005967991e-17,-3.109246522005967991e-17,-3.469446951953614189e-18,-3.469446951953614189e-18,-3.469446951953614189e-18,-3.469446951953614189e-18,-3.469446951953614189e-18,-3.469446951953614189e-18,-3.469446951953614189e-18,-3.469446951953614189e-18,-3.469446951953614189e-18,-3.469446951953614189e-18,-3.469446951953614189e-18,-3.109246522005967991e-17,-3.109246522005967991e-17,-3.109246522005967991e-17,-3.109246522005967991e-17
-4.064455628395080566e-03,-4.064455628395080566e-03,-4.064455628395080566e-03,-4.064455628395080566e-03,-4.064455628395080566e-03,1.951622776687145233e-02,3.023651055991649628e-02,3.257365897297859192e-02,2.784427627921104431e-02,2.469767257571220398e-02,2.899987995624542236e-02,3.864381089806556702e-02,4.565428942441940308e-02,4.789667949080467224e-02,4.688587784767150879e-02,4.688587784767150879e-02,4.688587784767150879e-02,4.688587784767150879e-02,4.688587784767150879e-02
9.322455152869224548e-03,9.322455152869224548e-03,9.322455152869224548e-03,9.322455152869224548e-03,9.322455152869224548e-03,3.045234642922878265e-02,3.853161633014678955e-02,3.678788617253303528e-02,2.954502217471599579e-02,2.479168213903903961e-02,2.711615338921546936e-02,3.491777554154396057e-02,4.078377783298492432e-02,4.237153753638267517e-02,4.135182872414588928e-02,4.135182872414588928e-02,4.135182872414588928e-02,4.135182872414588928e-02,4.135182872414588928e-02
1.314179226756095886e-02,1.314179226756095886e-02,1.314179226756095886e-02,1.314179226756095886e-02,1.314179226756095886e-02,2.458835020661354065e-02,2.528153732419013977e-02,1.753428950905799866e-02,6.326334550976753235e-03,3.530065296217799187e-04,2.327158115804195404e-03,1.020294986665248871e-02,1.595587283372879028e-02,1.809483207762241364e-02,1.895675063133239746e-02,1.895675063133239746e-02,1.895675063133239746e-02,1.895675063133239746e-02,1.895675063133239746e-02
1.088192407041788101e-02,1.088192407041788101e-02,1.088192407041788101e-02,1.088192407041788101e-02,1.088192407041788101e-02,2.791811153292655945e-02,3.095444664359092712e-02,2.474066801369190216e-02,1.603830792009830475e-02,1.260787155479192734e-02,1.540724094957113266e-02,2.363811619579792023e-02,3.037451952695846558e-02,3.292750939726829529e-02,3.298500925302505493e-02,3.298500925302505493e-02,3.298500925302505493e-02,3.298500925302505493e-02,3.298500925302505493e-02
6.456357892602682114e-03,6.456357892602682114e-03,6.456357892602682114e-03,6.456357892602682114e-03,6.456357892602682114e-03,2.386506460607051849e-02,2.915899641811847687e-02,2.564531005918979645e-02,1.711990311741828918e-02,1.122861262410879135e-02,1.370706316083669662e-02,2.244897931814193726e-02,2.894192188978195190e-02,3.217211365699768066e-02,3.298249840736389160e-02,3.298249840736389160e-02,3.298249840736389160e-02,3.298249840736389160e-02,3.298249840736389160e-02
1.477857865393161774e-02,1.477857865393161774e-02,1.477857865393161774e-02,1.477857865393161774e-02,1.477857865393161774e-02,2.790491282939910889e-02,2.931203506886959076e-02,2.206720598042011261e-02,1.169896312057971954e-02,5.778765771538019180e-03,7.469795178622007370e-03,1.418785378336906433e-02,2.011534944176673889e-02,2.303056791424751282e-02,2.366699464619159698e-02,2.366699464619159698e-02,2.366699464619159698e-02,2.366699464619159698e-02,2.366699464619159698e-02
1.306541915982961655e-02,1.306541915982961655e-02,1.306541915982961655e-02,1.306541915982961655e-02,1.306541915982961655e-02,2.651590853929519653e-02,2.713519521057605743e-02,1.856504939496517181e-02,8.069794625043869019e-03,3.690756391733884811e-03,6.823806092143058777e-03,1.423713658004999161e-02,2.016413584351539612e-02,2.211986668407917023e-02,2.311635762453079224e-02,2.311635762453079224e-02,2.311635762453079224e-02,2.311635762453079224e-02,2.311635762453079224e-02
8.137459866702556610e-03,8.137459866702556610e-03,8.137459866702556610e-03,8.137459866702556610e-03,8.137459866702556610e-03,2.202440425753593445e-02,2.451719157397747040e-02,1.807385124266147614e-02,8.773804642260074615e-03,4.704944323748350143e-03,8.125603199005126953e-03,1.604179851710796356e-02,2.324740029871463776e-02,2.671696990728378296e-02,2.788119576871395111e-02,2.788119576871395111e-02,2.788119576871395111e-02,2.788119576871395111e-02,2.788119576871395111e-02
1.476659718900918961e-02,1.476659718900918961e-02,1.476659718900918961e-02,1.476659718900918961e-02,1.476659718900918961e-02,2.827419899404048920e-02,2.937096171081066132e-02,2.116355486214160919e-02,1.032849960029125214e-02,5.146736744791269302e-03,6.750039290636777878e-03,1.430563535541296005e-02,2.135776542127132416e-02,2.487619407474994659e-02,2.582211606204509735e-02,2.582211606204509735e-02,2.582211606204509735e-02,2.582211606204509735e-02,2.582211606204509735e-02
5.218408070504665375e-03,5.218408070504665375e-03,5.218408070504665375e-03,5.218408070504665375e-03,5.218408070504665375e-03,2.476141974329948425e-02,3.083668462932109833e-02,2.734919264912605286e-02,2.035680972039699554e-02,1.655184291303157806e-02,1.887786015868186951e-02,2.673663757741451263e-02,3.297281637787818909e-02,3.481566533446311951e-02,3.432347625494003296e-02,3.432347625494003296e-02,3.432347625494003296e-02,3.432347625494003296e-02,3.432347625494003296e-02
1.013295724987983704e-02,1.013295724987983704e-02,1.013295724987983704e-02,1.013295724987983704e-02,1.013295724987983704e-02,2.310272678732872009e-02,2.442198805510997772e-02,1.689904741942882538e-02,6.499717477709054947e-03,1.204464817419648170e-03,4.195674322545528412e-03,1.306365337222814560e-02,2.034388855099678040e-02,2.439031936228275299e-02,2.747863531112670898e-02,2.747863531112670898e-02,2.747863531112670898e-02,2.747863531112670898e-02,2.747863531112670898e-02
0.000000000000000000e+00,0.000000000000000000e+00,0.000000000000000000e+00,0.000000000000000000e+00,0.000000000000000000e+00,0.000000000000000000e+00,0.000000000000000000e+00,0.000000000000000000e+00,0.000000000000000000e+00,0.000000000000000000e+00,0.000000000000000000e+00,0.000000000000000000e+00,0.000000000000000000e+00,0.000000000000000000e+00,0.000000000000000000e+00,0.000000000000000000e+00,0.000000000000000000e+00,0.000000000000000000e+00,0.000000000000000000e+00
-3.743857833595425717e-17,-3.743857833595425717e-17,-3.743857833595425717e-17,-3.743857833595425717e-17,1.387778780781445676e-17,1.387778780781445676e-17,1.387778780781445676e-17,1.387778780781445676e-17,1.387778780781445676e-17,1.387778780781445676e-17,1.387778780781445676e-17,1.387778780781445676e-17,1.387778780781445676e-17,1.387778780781445676e-17,1.387778780781445676e-17,-3.743857833595425717e-17,-3.743857833595425717e-17,-3.743857833595425717e-17,-3.743857833595425717e-17
2.984724193811416626e-02,2.984724193811416626e-02,2.984724193811416626e-02,2.984724193811416626e-02,2.984724193811416626e-02,7.589801214635372162e-03,-2.745168982073664665e-03,-7.637125439941883087e-03,-3.270113840699195862e-03,4.271551966667175293e-03,8.375414647161960602e-03,9.258952923119068146e-03,6.007473915815353394e-03,2.287753392010927200e-03,-5.573316593654453754e-04,-5.573316593654453754e-04,-5.573316593654453754e-04,-5.573316593654453754e-04,-5.573316593654453754e-04
2.659114450216293335e-02,2.659114450216293335e-02,2.659114450216293335e-02,2.659114450216293335e-02,2.659114450216293335e-02,3.500480670481920242e-03,-6.775542628020048141e-03,-8.735984563827514648e-03,-4.390895832329988480e-03,1.115839462727308273e-03,5.771241616457700729e-03,7.815888151526451111e-03,4.801035393029451370e-03,2.233968116343021393e-03,5.064777215011417866e-04,5.064777215011417866e-04,5.064777215011417866e-04,5.064777215011417866e-04,5.064777215011417866e-04
1.410298980772495270e-02,1.410298980772495270e-02,1.410298980772495270e-02,1.410298980772495270e-02,1.410298980772495270e-02,-5.247286055237054825e-03,-1.425901986658573151e-02,-1.318324450403451920e-02,-5.600769538432359695e-03,1.696906518191099167e-03,5.813906900584697723e-03,6.669852882623672485e-03,4.616212565451860428e-03,3.781122155487537384e-03,1.855061971582472324e-03,1.855061971582472324e-03,1.855061971582472324e-03,1.855061971582472324e-03,1.855061971582472324e-03
2.020855434238910675e-02,2.020855434238910675e-02,2.020855434238910675e-02,2.020855434238910675e-02,2.020855434238910675e-02,-7.577451178804039955e-04,-1.063417922705411911e-02,-1.082175038754940033e-02,-4.995365161448717117e-03,1.234547817148268223e-03,6.165254395455121994e-03,9.491426870226860046e-03,7.260131184011697769e-03,4.018224775791168213e-03,-7.888291729614138603e-04,-7.888291729614138603e-04,-7.888291729614138603e-04,-7.888291729614138603e-04,-7.888291729614138603e-04
2.175515703856945038e-02,2.175515703856945038e-02,2.175515703856945038e-02,2.175515703856945038e-02,2.175515703856945038e-02,1.363557646982371807e-03,-9.142834693193435669e-03,-1.054034288972616196e-02,-4.310584627091884613e-03,5.911862244829535484e-04,4.826968070119619370e-03,8.289332501590251923e-03,6.895862985402345657e-03,4.984735976904630661e-03,1.865104190073907375e-03,1.865104190073907375e-03,1.865104190073907375e-03,1.865104190073907375e-03,1.865104190073907375e-03
1.721719279885292053e-02,1.721719279885292053e-02,1.721719279885292053e-02,1.721719279885292053e-02,1.721719279885292053e-02,-3.642567433416843414e-03,-1.345966290682554245e-02,-1.294745970517396927e-02,-5.530471447855234146e-03,1.043831347487866879e-03,4.964723717421293259e-03,6.844609044492244720e-03,5.410103127360343933e-03,3.474249737337231636e-03,1.581310061737895012e-03,1.581310061737895012e-03,1.581310061737895012e-03,1.581310061737895012e-03,1.581310061737895012e-03
1.505208294838666916e-02,1.505208294838666916e-02,1.505208294838666916e-02,1.505208294838666916e-02,1.505208294838666916e-02,-4.415131174027919769e-03,-1.360763609409332275e-02,-1.254307571798563004e-02,-4.096625372767448425e-03,1.792618888430297375e-03,4.859224427491426468e-03,7.082111667841672897e-03,6.737844087183475494e-03,4.101253580302000046e-03,4.395130381453782320e-04,4.395130381453782320e-04,4.395130381453782320e-04,4.395130381453782320e-04,4.395130381453782320e-04
1.640775986015796661e-02,1.640775986015796661e-02,1.640775986015796661e-02,1.640775986015796661e-02,1.640775986015796661e-02,-1.351908780634403229e-03,-1.064722891896963120e-02,-1.067489571869373322e-02,-4.034288693219423294e-03,7.175924256443977356e-04,4.235717002302408218e-03,8.664513938128948212e-03,9.040310978889465332e-03,6.067197304219007492e-03,1.042115385644137859e-03,1.042115385644137859e-03,1.042115385644137859e-03,1.042115385644137859e-03,1.042115385644137859e-03
1.769715733826160431e-02,1.769715733826160431e-02,1.769715733826160431e-02,1.769715733826160431e-02,1.769715733826160431e-02,-4.183777607977390289e-03,-1.467872038483619690e-02,-1.385289058089256287e-02,-5.386678036302328110e-03,1.332503510639071465e-03,5.722524598240852356e-03,8.106219582259654999e-03,6.389442365616559982e-03,4.124759696424007416e-03,1.545616891235113144e-03,1.545616891235113144e-03,1.545616891235113144e-03,1.545616891235113144e-03,1.545616891235113144e-03
2.438047528266906738e-02,2.438047528266906738e-02,2.438047528266906738e-02,2.438047528266906738e-02,2.438047528266906738e-02,2.222275361418724060e-03,-8.722975850105285645e-03,-9.916599839925765991e-03,-3.743809647858142853e-03,1.762553001753985882e-03,6.400940008461475372e-03,8.424354717135429382e-03,5.307900253683328629e-03,2.203881973400712013e-03,-6.429507629945874214e-04,-6.429507629945874214e-04,-6.429507629945874214e-04,-6.429507629945874214e-04,-6.429507629945874214e-04
1.575517468154430389e-02,1.575517468154430389e-02,1.575517468154430389e-02,1.575517468154430389e-02,1.575517468154430389e-02,-3.290635999292135239e-03,-1.278653275221586227e-02,-1.274682115763425827e-02,-5.874140653759241104e-03,1.299217692576348782e-03,6.323095411062240601e-03,8.786436170339584351e-03,7.910950109362602234e-03,6.251934915781021118e-03,3.194293938577175140e-03,3.194293938577175140e-03,3.194293938577175140e-03,3.194293938577175140e-03,3.194293938577175140e-03
