0.000000000000000000e+00,0.000000000000000000e+00,0.000000000000000000e+00,0.000000000000000000e+00,0.000000000000000000e+00,0.000000000000000000e+00,0.000000000000000000e+00,0.000000000000000000e+00,0.000000000000000000e+00,0.000000000000000000e+00,0.000000000000000000e+00,0.000000000000000000e+00,0.000000000000000000e+00,0.000000000000000000e+00
1.000000000000000000e+00,1.000000000000000000e+00,1.000000000000000000e+00,1.000000000000000000e+00,1.000000000000000000e+00,1.000000000000000000e+00,1.000000000000000000e+00,1.000000000000000000e+00,1.000000000000000000e+00,1.000000000000000000e+00,1.000000000000000000e+00,1.000000000000000000e+00,1.000000000000000000e+00,1.000000000000000000e+00
5.313590764999389648e-01,1.766988039016723633e-01,3.920295834541320801e-02,8.240900188684463501e-02,1.901212483644485474e-01,2.587381005287170410e-01,3.431971073150634766e-01,4.270149171352386475e-01,4.835079610347747803e-01,5.763997435569763184e-01,6.568903326988220215e-01,7.197939753532409668e-01,7.799342274665832520e-01,8.462380170822143555e-01
6.244081854820251465e-01,4.484386146068572998e-01,3.651202321052551270e-01,3.692416846752166748e-01,4.242112934589385986e-01,4.339489340782165527e-01,4.707849919795989990e-01,5.111337304115295410e-01,5.329434275627136230e-01,5.959371328353881836e-01,6.435686945915222168e-01,6.967252492904663086e-01,7.487964034080505371e-01,7.990503907203674316e-01
6.838456392288208008e-01,4.901397228240966797e-01,3.982706964015960693e-01,4.131599366664886475e-01,4.468856751918792725e-01,4.555253684520721436e-01,4.991481900215148926e-01,5.387819409370422363e-01,5.670739412307739258e-01,6.238184571266174316e-01,6.619169712066650391e-01,7.122247815132141113e-01,7.701243758201599121e-01,8.134886026382446289e-01
5.649687647819519043e-01,3.104449510574340820e-01,2.147736847400665283e-01,2.556841671466827393e-01,3.322775363922119141e-01,3.720108270645141602e-01,4.324889183044433594e-01,4.663537144660949707e-01,5.044144988059997559e-01,5.788771510124206543e-01,6.321928501129150391e-01,6.879210472106933594e-01,7.545714974403381348e-01,8.116365075111389160e-01
6.140358448028564453e-01,4.259468913078308105e-01,3.453524410724639893e-01,3.608992993831634521e-01,4.112969934940338135e-01,4.265579581260681152e-01,4.689244329929351807e-01,5.017654299736022949e-01,5.296328663825988770e-01,5.957794189453125000e-01,6.507558822631835938e-01,6.970962285995483398e-01,7.449599504470825195e-01,7.956889867782592773e-01
7.068043351173400879e-01,4.993004500865936279e-01,4.097783565521240234e-01,4.283975958824157715e-01,4.651674330234527588e-01,4.762730002403259277e-01,5.165408253669738770e-01,5.580386519432067871e-01,5.875288844108581543e-01,6.441007256507873535e-01,6.886828541755676270e-01,7.280457019805908203e-01,7.587078213691711426e-01,7.992725372314453125e-01
6.860393881797790527e-01,4.854678809642791748e-01,4.077072441577911377e-01,4.348687827587127686e-01,4.899868965148925781e-01,5.115844607353210449e-01,5.521130561828613281e-01,5.854174494743347168e-01,6.161852478981018066e-01,6.685104370117187500e-01,7.029282450675964355e-01,7.518562078475952148e-01,7.816296219825744629e-01,8.195936083793640137e-01
6.559912562370300293e-01,4.613265097141265869e-01,3.727197647094726562e-01,3.852493464946746826e-01,4.264666140079498291e-01,4.422942698001861572e-01,4.852012693881988525e-01,5.396791100502014160e-01,5.812727808952331543e-01,6.306696534156799316e-01,6.830799579620361328e-01,7.460757493972778320e-01,7.776139378547668457e-01,8.180972337722778320e-01
6.616840362548828125e-01,4.454377889633178711e-01,3.546185195446014404e-01,3.787596523761749268e-01,4.299968481063842773e-01,4.492613375186920166e-01,4.925498068332672119e-01,5.524276494979858398e-01,5.974587798118591309e-01,6.367251873016357422e-01,6.837869882583618164e-01,7.377004027366638184e-01,7.667990326881408691e-01,8.064641356468200684e-01
6.674745082855224609e-01,4.671482443809509277e-01,3.838113248348236084e-01,4.118092656135559082e-01,4.740312099456787109e-01,5.033528804779052734e-01,5.415118932723999023e-01,5.797764062881469727e-01,6.215242147445678711e-01,6.627703309059143066e-01,6.866956353187561035e-01,7.327979803085327148e-01,7.759353518486022949e-01,8.111989498138427734e-01
6.610692739486694336e-01,4.517925977706909180e-01,3.571475148200988770e-01,3.732617795467376709e-01,4.135342240333557129e-01,4.364853203296661377e-01,4.771909117698669434e-01,5.070567727088928223e-01,5.527434349060058594e-01,6.221883893013000488e-01,6.634764075279235840e-01,7.141446471214294434e-01,7.721107602119445801e-01,8.105295300483703613e-01
0.000000000000000000e+00,0.000000000000000000e+00,0.000000000000000000e+00,0.000000000000000000e+00,-0.000000000000000000e+00,-0.000000000000000000e+00,-0.000000000000000000e+00,-0.000000000000000000e+00,-0.000000000000000000e+00,-0.000000000000000000e+00,0.000000000000000000e+00,0.000000000000000000e+00,0.000000000000000000e+00,0.000000000000000000e+00
-3.109246522005967991e-17,-3.109246522005967991e-17,-3.109246522005967991e-17,-3.109246522005967991e-17,-3.469446951953614189e-18,-3.469446951953614189e-18,-3.469446951953614189e-18,-3.469446951953614189e-18,-3.469446951953614189e-18,-3.469446951953614189e-18,-3.109246522005967991e-17,-3.109246522005967991e-17,-3.109246522005967991e-17,-3.109246522005967991e-17
2.239768765866756439e-02,2.239768765866756439e-02,2.239768765866756439e-02,2.239768765866756439e-02,2.239768765866756439e-02,6.290011107921600342e-02,7.846286892890930176e-02,7.875802367925643921e-02,7.531984895467758179e-02,7.365252822637557983e-02,7.365252822637557983e-02,7.365252822637557983e-02,7.365252822637557983e-02,7.365252822637557983e-02
1.637718058191239834e-03,1.637718058191239834e-03,1.637718058191239834e-03,1.637718058191239834e-03,1.637718058191239834e-03,2.373035810887813568e-02,3.480882197618484497e-02,3.923568874597549438e-02,4.195066913962364197e-02,4.627080634236335754e-02,4.627080634236335754e-02,4.627080634236335754e-02,4.627080634236335754e-02,4.627080634236335754e-02
-1.283995341509580612e-03,-1.283995341509580612e-03,-1.283995341509580612e-03,-1.283995341509580612e-03,-1.283995341509580612e-03,2.241051942110061646e-02,3.350323066115379333e-02,3.743108734488487244e-02,4.122711718082427979e-02,4.477516934275627136e-02,4.477516934275627136e-02,4.477516934275627136e-02,4.477516934275627136e-02,4.477516934275627136e-02
1.295443903654813766e-02,1.295443903654813766e-02,1.295443903654813766e-02,1.295443903654813766e-02,1.295443903654813766e-02,4.107002913951873779e-02,5.129787325859069824e-02,5.190586298704147339e-02,5.248063057661056519e-02,5.492772534489631653e-02,5.492772534489631653e-02,5.492772534489631653e-02,5.492772534489631653e-02,5.492772534489631653e-02
3.377438988536596298e-03,3.377438988536596298e-03,3.377438988536596298e-03,3.377438988536596298e-03,3.377438988536596298e-03,2.619218453764915466e-02,3.730222210288047791e-02,4.103859513998031616e-02,4.339905828237533569e-02,4.694025591015815735e-02,4.694025591015815735e-02,4.694025591015815735e-02,4.694025591015815735e-02,4.694025591015815735e-02
-6.581142661161720753e-04,-6.581142661161720753e-04,-6.581142661161720753e-04,-6.581142661161720753e-04,-6.581142661161720753e-04,2.371847070753574371e-02,3.482026606798171997e-02,3.792970255017280579e-02,3.933043032884597778e-02,4.099445417523384094e-02,4.099445417523384094e-02,4.099445417523384094e-02,4.099445417523384094e-02,4.099445417523384094e-02
6.432657595723867416e-03,6.432657595723867416e-03,6.432657595723867416e-03,6.432657595723867416e-03,6.432657595723867416e-03,2.868046239018440247e-02,3.680064529180526733e-02,3.807829692959785461e-02,3.786849230527877808e-02,3.900344669818878174e-02,3.900344669818878174e-02,3.900344669818878174e-02,3.900344669818878174e-02,3.900344669818878174e-02
3.636530600488185883e-03,3.636530600488185883e-03,3.636530600488185883e-03,3.636530600488185883e-03,3.636530600488185883e-03,2.784376405179500580e-02,3.974498063325881958e-02,4.476613178849220276e-02,4.671135917305946350e-02,4.825083911418914795e-02,4.825083911418914795e-02,4.825083911418914795e-02,4.825083911418914795e-02,4.825083911418914795e-02
6.840547081083059311e-03,6.840547081083059311e-03,6.840547081083059311e-03,6.840547081083059311e-03,6.840547081083059311e-03,3.172598779201507568e-02,4.214434325695037842e-02,4.461616650223731995e-02,4.465496540069580078e-02,4.514054208993911743e-02,4.514054208993911743e-02,4.514054208993911743e-02,4.514054208993911743e-02,4.514054208993911743e-02
9.350467473268508911e-03,9.350467473268508911e-03,9.350467473268508911e-03,9.350467473268508911e-03,9.350467473268508911e-03,3.165069967508316040e-02,3.893049806356430054e-02,3.867992386221885681e-02,3.782188892364501953e-02,3.843115270137786865e-02,3.843115270137786865e-02,3.843115270137786865e-02,3.843115270137786865e-02,3.843115270137786865e-02
5.966583848930895329e-04,5.966583848930895329e-04,5.966583848930895329e-04,5.966583848930895329e-04,5.966583848930895329e-04,2.666029334068298340e-02,3.868475556373596191e-02,4.267194494605064392e-02,4.591644555330276489e-02,4.843075200915336609e-02,4.843075200915336609e-02,4.843075200915336609e-02,4.843075200915336609e-02,4.843075200915336609e-02
0.000000000000000000e+00,0.000000000000000000e+00,0.000000000000000000e+00,0.000000000000000000e+00,0.000000000000000000e+00,0.000000000000000000e+00,0.000000000000000000e+00,0.000000000000000000e+00,0.000000000000000000e+00,0.000000000000000000e+00,0.000000000000000000e+00,0.000000000000000000e+00,0.000000000000000000e+00,0.000000000000000000e+00
-3.743857833595425717e-17,-3.743857833595425717e-17,-3.743857833595425717e-17,-3.743857833595425717e-17,1.387778780781445676e-17,1.387778780781445676e-17,1.387778780781445676e-17,1.387778780781445676e-17,1.387778780781445676e-17,1.387778780781445676e-17,-3.743857833595425717e-17,-3.743857833595425717e-17,-3.743857833595425717e-17,-3.743857833595425717e-17
4.324923455715179443e-02,4.324923455715179443e-02,4.324923455715179443e-02,4.324923455715179443e-02,4.324923455715179443e-02,1.391595322638750076e-02,4.144940467085689306e-04,-1.914768014103174210e-03,-1.553311944007873535e-03,-2.787849167361855507e-03,-2.787849167361855507e-03,-2.787849167361855507e-03,-2.787849167361855507e-03,-2.787849167361855507e-03
2.228818833827972412e-02,2.228818833827972412e-02,2.228818833827972412e-02,2.228818833827972412e-02,2.228818833827972412e-02,9.939497336745262146e-03,4.026404116302728653e-03,3.888285253196954727e-03,5.119116976857185364e-03,3.200714942067861557e-03,3.200714942067861557e-03,3.200714942067861557e-03,3.200714942067861557e-03,3.200714942067861557e-03
2.455299720168113708e-02,2.455299720168113708e-02,2.455299720168113708e-02,2.455299720168113708e-02,2.455299720168113708e-02,1.112472638487815857e-02,4.212637431919574738e-03,3.758062841370701790e-03,4.018020816147327423e-03,2.251148689538240433e-03,2.251148689538240433e-03,2.251148689538240433e-03,2.251148689538240433e-03,2.251148689538240433e-03
2.789146266877651215e-02,2.789146266877651215e-02,2.789146266877651215e-02,2.789146266877651215e-02,2.789146266877651215e-02,8.047157898545265198e-03,-8.337586768902838230e-05,6.725162384100258350e-04,3.196162870153784752e-03,2.851693192496895790e-03,2.851693192496895790e-03,2.851693192496895790e-03,2.851693192496895790e-03,2.851693192496895790e-03
2.248870581388473511e-02,2.248870581388473511e-02,2.248870581388473511e-02,2.248870581388473511e-02,2.248870581388473511e-02,9.387429803609848022e-03,4.113330971449613571e-03,4.044942092150449753e-03,4.399158991873264313e-03,2.482715994119644165e-03,2.482715994119644165e-03,2.482715994119644165e-03,2.482715994119644165e-03,2.482715994119644165e-03
2.499870397150516510e-02,2.499870397150516510e-02,2.499870397150516510e-02,2.499870397150516510e-02,2.499870397150516510e-02,1.058526709675788879e-02,4.174712114036083221e-03,3.386182710528373718e-03,1.883120159618556499e-03,-4.854401049669831991e-04,-4.854401049669831991e-04,-4.854401049669831991e-04,-4.854401049669831991e-04,-4.854401049669831991e-04
2.249022014439105988e-02,2.249022014439105988e-02,2.249022014439105988e-02,2.249022014439105988e-02,2.249022014439105988e-02,7.292125839740037918e-03,6.077434518374502659e-04,1.230576541274785995e-03,1.663501607254147530e-03,2.507733879610896111e-04,2.507733879610896111e-04,2.507733879610896111e-04,2.507733879610896111e-04,2.507733879610896111e-04
2.638417854905128479e-02,2.638417854905128479e-02,2.638417854905128479e-02,2.638417854905128479e-02,2.638417854905128479e-02,1.192678231745958328e-02,4.792937543243169785e-03,4.191723652184009552e-03,2.522102091461420059e-03,-5.687444936484098434e-04,-5.687444936484098434e-04,-5.687444936484098434e-04,-5.687444936484098434e-04,-5.687444936484098434e-04
2.767839096486568451e-02,2.767839096486568451e-02,2.767839096486568451e-02,2.767839096486568451e-02,2.767839096486568451e-02,1.049152854830026627e-02,2.347173402085900307e-03,1.711638993583619595e-03,5.271615809760987759e-04,-1.863530487753450871e-03,-1.863530487753450871e-03,-1.863530487753450871e-03,-1.863530487753450871e-03,-1.863530487753450871e-03
2.376508712768554688e-02,2.376508712768554688e-02,2.376508712768554688e-02,2.376508712768554688e-02,2.376508712768554688e-02,7.383318617939949036e-03,-1.107417861931025982e-03,-1.129949931055307388e-03,5.902179400436580181e-04,7.325282058445736766e-05,7.325282058445736766e-05,7.325282058445736766e-05,7.325282058445736766e-05,7.325282058445736766e-05
2.594720572233200073e-02,2.594720572233200073e-02,2.594720572233200073e-02,2.594720572233200073e-02,2.594720572233200073e-02,1.196130365133285522e-02,4.829796496778726578e-03,4.041223786771297455e-03,4.058645572513341904e-03,1.671885373070836067e-03,1.671885373070836067e-03,1.671885373070836067e-03,1.671885373070836067e-03,1.671885373070836067e-03
