0.000000000000000000e+00,0.000000000000000000e+00,0.000000000000000000e+00,0.000000000000000000e+00,0.000000000000000000e+00,0.000000000000000000e+00,0.000000000000000000e+00,0.000000000000000000e+00,0.000000000000000000e+00,0.000000000000000000e+00,0.000000000000000000e+00,0.000000000000000000e+00,0.000000000000000000e+00,0.000000000000000000e+00,0.000000000000000000e+00,0.000000000000000000e+00,0.000000000000000000e+00,0.000000000000000000e+00
1.000000000000000000e+00,1.000000000000000000e+00,1.000000000000000000e+00,1.000000000000000000e+00,1.000000000000000000e+00,1.000000000000000000e+00,1.000000000000000000e+00,1.000000000000000000e+00,9.966952800750732422e-01,1.000000000000000000e+00,1.000000000000000000e+00,1.000000000000000000e+00,1.000000000000000000e+00,1.000000000000000000e+00,1.000000000000000000e+00,1.000000000000000000e+00,1.000000000000000000e+00,1.000000000000000000e+00
9.395184516906738281e-01,8.653742074966430664e-01,5.341576337814331055e-01,3.270753920078277588e-01,2.727421522140502930e-01,3.295905292034149170e-01,4.621978700160980225e-01,6.325516700744628906e-01,7.001195549964904785e-01,7.192335128784179688e-01,7.382266521453857422e-01,8.040872216224670410e-01,8.439164161682128906e-01,8.615387678146362305e-01,8.759051561355590820e-01,9.116517305374145508e-01,9.316082596778869629e-01,9.323329329490661621e-01
9.173454046249389648e-01,8.152275681495666504e-01,6.142651438713073730e-01,5.119865536689758301e-01,5.609888434410095215e-01,6.703339815139770508e-01,8.039559125900268555e-01,9.506375193595886230e-01,1.000000000000000000e+00,9.721407294273376465e-01,9.185037016868591309e-01,8.902133703231811523e-01,8.847331404685974121e-01,8.804266452789306641e-01,8.628862500190734863e-01,8.702690601348876953e-01,9.212877750396728516e-01,9.238886237144470215e-01
9.043716192245483398e-01,8.158205747604370117e-01,6.588363051414489746e-01,5.840629935264587402e-01,6.457936167716979980e-01,7.155188322067260742e-01,7.973142266273498535e-01,8.931306004524230957e-01,9.199201464653015137e-01,8.911317586898803711e-01,8.662397861480712891e-01,8.596587181091308594e-01,8.520565032958984375e-01,8.485218882560729980e-01,8.301675915718078613e-01,8.422241806983947754e-01,9.032511711120605469e-01,9.149538278579711914e-01
8.993179798126220703e-01,7.943202257156372070e-01,4.998892545700073242e-01,2.710441946983337402e-01,2.147439122200012207e-01,2.721347808837890625e-01,3.480511009693145752e-01,4.727467000484466553e-01,5.725885033607482910e-01,6.139862537384033203e-01,6.239548325538635254e-01,6.873306035995483398e-01,7.548891305923461914e-01,7.853007912635803223e-01,7.968425750732421875e-01,8.300831913948059082e-01,8.917922973632812500e-01,9.092589020729064941e-01
8.970745801925659180e-01,7.762172818183898926e-01,5.106743574142456055e-01,3.315339386463165283e-01,3.442733883857727051e-01,4.155075848102569580e-01,5.056513547897338867e-01,6.425650715827941895e-01,7.108201384544372559e-01,7.340864539146423340e-01,7.492547631263732910e-01,7.779716253280639648e-01,7.977356314659118652e-01,7.866079807281494141e-01,7.911581993103027344e-01,8.149206042289733887e-01,8.845195770263671875e-01,9.047918319702148438e-01
8.949401378631591797e-01,7.555321455001831055e-01,4.892971813678741455e-01,3.570787012577056885e-01,4.008443951606750488e-01,4.986685514450073242e-01,5.865254402160644531e-01,7.098011970520019531e-01,7.632517814636230469e-01,7.710060477256774902e-01,7.673516869544982910e-01,7.890623807907104492e-01,8.081296682357788086e-01,8.009107708930969238e-01,7.934682369232177734e-01,8.143807649612426758e-01,8.809224963188171387e-01,9.029218554496765137e-01
8.894110918045043945e-01,7.523862123489379883e-01,5.310316085815429688e-01,3.764817118644714355e-01,3.931388556957244873e-01,4.621101617813110352e-01,5.221906900405883789e-01,6.358485221862792969e-01,7.060668468475341797e-01,7.355884909629821777e-01,7.502136230468750000e-01,7.667036652565002441e-01,7.901264429092407227e-01,7.908777594566345215e-01,7.888382077217102051e-01,8.128536939620971680e-01,8.710317015647888184e-01,8.920459747314453125e-01
8.824508786201477051e-01,7.484784126281738281e-01,5.638321042060852051e-01,4.721021056175231934e-01,5.100030303001403809e-01,5.666346549987792969e-01,6.340969204902648926e-01,7.351192235946655273e-01,7.990233302116394043e-01,7.895702719688415527e-01,7.698946595191955566e-01,7.712268829345703125e-01,7.778617739677429199e-01,7.701359391212463379e-01,7.768311500549316406e-01,8.036126494407653809e-01,8.675361275672912598e-01,8.936780691146850586e-01
8.901127576828002930e-01,7.579935789108276367e-01,4.897782206535339355e-01,3.073800206184387207e-01,2.987139821052551270e-01,3.592969775199890137e-01,4.338212311267852783e-01,5.503208637237548828e-01,6.325305104255676270e-01,6.577032804489135742e-01,6.746912002563476562e-01,7.160670757293701172e-01,7.439871430397033691e-01,7.624738216400146484e-01,7.774037718772888184e-01,8.069040775299072266e-01,8.630139827728271484e-01,8.809150457382202148e-01
8.853331804275512695e-01,7.747113108634948730e-01,5.530234575271606445e-01,4.306286275386810303e-01,4.620394408702850342e-01,5.300306081771850586e-01,6.127662062644958496e-01,7.144865393638610840e-01,7.848648428916931152e-01,7.852809429168701172e-01,7.825491428375244141e-01,8.077354431152343750e-01,8.158243894577026367e-01,8.030142188072204590e-01,7.908965945243835449e-01,8.183144330978393555e-01,8.689732551574707031e-01,8.791438341140747070e-01
8.792235851287841797e-01,7.631351947784423828e-01,5.559248328208923340e-01,4.573187232017517090e-01,5.069861412048339844e-01,5.721065998077392578e-01,6.402442455291748047e-01,7.217369675636291504e-01,7.582391500473022461e-01,7.379358410835266113e-01,7.271676659584045410e-01,7.455151677131652832e-01,7.689888477325439453e-01,7.730836272239685059e-01,7.777510881423950195e-01,8.073718547821044922e-01,8.602332472801208496e-01,8.765862584114074707e-01
0.000000000000000000e+00,0.000000000000000000e+00,0.000000000000000000e+00,0.000000000000000000e+00,-0.000000000000000000e+00,-0.000000000000000000e+00,-0.000000000000000000e+00,-0.000000000000000000e+00,-0.000000000000000000e+00,-0.000000000000000000e+00,-0.000000000000000000e+00,-0.000000000000000000e+00,-0.000000000000000000e+00,-0.000000000000000000e+00,0.000000000000000000e+00,0.000000000000000000e+00,0.000000000000000000e+00,0.000000000000000000e+00
-2.203146577812731266e-04,-2.203146577812731266e-04,-2.203146577812731266e-04,-2.203146577812731266e-04,-2.203146577812731266e-04,-1.652359933359548450e-04,-1.101573288906365633e-04,-5.507866444531828165e-05,-3.457981401483016672e-18,5.507866444531828165e-05,1.101573288906365633e-04,1.652359933359548450e-04,2.203146577812731266e-04,-3.469446951953614189e-18,-3.109246522005967991e-17,-3.109246522005967991e-17,-3.109246522005967991e-17,-3.109246522005967991e-17
-2.995779365301132202e-02,-2.995779365301132202e-02,-2.995779365301132202e-02,-2.995779365301132202e-02,-2.995779365301132202e-02,1.189552061259746552e-02,5.250777304172515869e-02,7.202847301959991455e-02,7.244877517223358154e-02,6.090211495757102966e-02,4.523729905486106873e-02,3.390095382928848267e-02,3.060030005872249603e-02,2.799433842301368713e-02,2.799433842301368713e-02,2.799433842301368713e-02,2.799433842301368713e-02,2.799433842301368713e-02
2.124295383691787720e-02,2.124295383691787720e-02,2.124295383691787720e-02,2.124295383691787720e-02,2.124295383691787720e-02,4.841877147555351257e-02,6.259571015834808350e-02,5.641848966479301453e-02,3.675356879830360413e-02,1.467262860387563705e-02,-4.789539147168397903e-03,-1.583356410264968872e-02,-1.235809270292520523e-02,-4.106528591364622116e-03,-4.106528591364622116e-03,-4.106528591364622116e-03,-4.106528591364622116e-03,-4.106528591364622116e-03
1.170893106609582901e-02,1.170893106609582901e-02,1.170893106609582901e-02,1.170893106609582901e-02,1.170893106609582901e-02,3.090253472328186035e-02,4.127808287739753723e-02,3.729255124926567078e-02,2.322205714881420135e-02,9.593581780791282654e-03,-2.826883457601070404e-03,-9.538105688989162445e-03,-4.944664426147937775e-03,2.492740750312805176e-03,2.492740750312805176e-03,2.492740750312805176e-03,2.492740750312805176e-03,2.492740750312805176e-03
-4.290373623371124268e-02,-4.290373623371124268e-02,-4.290373623371124268e-02,-4.290373623371124268e-02,-4.290373623371124268e-02,5.579009884968400002e-04,4.068982601165771484e-02,6.335031241178512573e-02,6.832025945186614990e-02,6.256186962127685547e-02,5.284623056650161743e-02,4.292785748839378357e-02,3.948086127638816833e-02,3.853436186909675598e-02,3.853436186909675598e-02,3.853436186909675598e-02,3.853436186909675598e-02,3.853436186909675598e-02
-1.786744594573974609e-02,-1.786744594573974609e-02,-1.786744594573974609e-02,-1.786744594573974609e-02,-1.786744594573974609e-02,2.025590464472770691e-02,5.203550308942794800e-02,6.405035406351089478e-02,5.799948796629905701e-02,4.449836909770965576e-02,2.986453846096992493e-02,1.806600391864776611e-02,1.716239005327224731e-02,1.926560886204242706e-02,1.926560886204242706e-02,1.926560886204242706e-02,1.926560886204242706e-02,1.926560886204242706e-02
-5.464998539537191391e-03,-5.464998539537191391e-03,-5.464998539537191391e-03,-5.464998539537191391e-03,-5.464998539537191391e-03,2.958142384886741638e-02,5.483245849609375000e-02,5.914763361215591431e-02,4.871966689825057983e-02,3.394006565213203430e-02,2.014853432774543762e-02,1.015925128012895584e-02,1.108147483319044113e-02,1.507251616567373276e-02,1.507251616567373276e-02,1.507251616567373276e-02,1.507251616567373276e-02,1.507251616567373276e-02
-1.691739074885845184e-02,-1.691739074885845184e-02,-1.691739074885845184e-02,-1.691739074885845184e-02,-1.691739074885845184e-02,1.842833869159221649e-02,4.589404538273811340e-02,5.604908242821693420e-02,5.095861107110977173e-02,4.041224345564842224e-02,2.884853631258010864e-02,1.844710297882556915e-02,1.655130460858345032e-02,1.798826642334461212e-02,1.798826642334461212e-02,1.798826642334461212e-02,1.798826642334461212e-02,1.798826642334461212e-02
-2.312093041837215424e-03,-2.312093041837215424e-03,-2.312093041837215424e-03,-2.312093041837215424e-03,-2.312093041837215424e-03,2.533448673784732819e-02,4.205299913883209229e-02,4.311619326472282410e-02,3.352097049355506897e-02,2.147310599684715271e-02,1.025534234941005707e-02,2.941593527793884277e-03,5.482672713696956635e-03,1.288494188338518143e-02,1.288494188338518143e-02,1.288494188338518143e-02,1.288494188338518143e-02,1.288494188338518143e-02
-2.855573594570159912e-02,-2.855573594570159912e-02,-2.855573594570159912e-02,-2.855573594570159912e-02,-2.855573594570159912e-02,1.080141030251979828e-02,4.415464401245117188e-02,5.930336192250251770e-02,5.734208971261978149e-02,4.861430451273918152e-02,3.820110112428665161e-02,2.899649366736412048e-02,2.702280320227146149e-02,2.788176760077476501e-02,2.788176760077476501e-02,2.788176760077476501e-02,2.788176760077476501e-02,2.788176760077476501e-02
-6.061003077775239944e-03,-6.061003077775239944e-03,-6.061003077775239944e-03,-6.061003077775239944e-03,-6.061003077775239944e-03,2.427075430750846863e-02,4.686944186687469482e-02,5.254259333014488220e-02,4.431024193763732910e-02,3.142151981592178345e-02,1.770796999335289001e-02,8.369144052267074585e-03,7.458463311195373535e-03,1.051590126007795334e-02,1.051590126007795334e-02,1.051590126007795334e-02,1.051590126007795334e-02,1.051590126007795334e-02
-5.411761812865734100e-03,-5.411761812865734100e-03,-5.411761812865734100e-03,-5.411761812865734100e-03,-5.411761812865734100e-03,1.947066932916641235e-02,3.631598502397537231e-02,3.771639615297317505e-02,2.930470369756221771e-02,2.011044695973396301e-02,1.221910119056701660e-02,8.553202264010906219e-03,1.241699513047933578e-02,1.810456626117229462e-02,1.810456626117229462e-02,1.810456626117229462e-02,1.810456626117229462e-02,1.810456626117229462e-02
0.000000000000000000e+00,0.000000000000000000e+00,0.000000000000000000e+00,0.000000000000000000e+00,0.000000000000000000e+00,0.000000000000000000e+00,0.000000000000000000e+00,0.000000000000000000e+00,0.000000000000000000e+00,0.000000000000000000e+00,0.000000000000000000e+00,0.000000000000000000e+00,0.000000000000000000e+00,0.000000000000000000e+00,0.000000000000000000e+00,0.000000000000000000e+00,0.000000000000000000e+00,0.000000000000000000e+00
-2.002860564971342683e-04,-2.002860564971342683e-04,-2.002860564971342683e-04,-2.002860564971342683e-04,-2.002860564971342683e-04,-5.007151412428356707e-05,5.722458809032104909e-05,1.216022501466795802e-04,1.430614647688344121e-04,1.216022501466795802e-04,5.722458809032104909e-05,-5.007151412428356707e-05,-2.002860564971342683e-04,1.387778780781445676e-17,-3.743857833595425717e-17,-3.743857833595425717e-17,-3.743857833595425717e-17,-3.743857833595425717e-17
6.884488463401794434e-02,6.884488463401794434e-02,6.884488463401794434e-02,6.884488463401794434e-02,6.884488463401794434e-02,5.680984631180763245e-02,2.070920728147029877e-02,-4.440881311893463135e-03,-1.598257757723331451e-02,-1.695940829813480377e-02,-1.101245824247598648e-02,-2.931789262220263481e-03,-2.169803250581026077e-03,-4.893828649073839188e-03,-4.893828649073839188e-03,-4.893828649073839188e-03,-4.893828649073839188e-03,-4.893828649073839188e-03
5.060981214046478271e-02,5.060981214046478271e-02,5.060981214046478271e-02,5.060981214046478271e-02,5.060981214046478271e-02,2.821306325495243073e-02,-6.097674835473299026e-03,-2.857522293925285339e-02,-3.260359168052673340e-02,-2.498282119631767273e-02,-1.216218434274196625e-02,1.614188891835510731e-03,1.005684770643711090e-02,9.881905280053615570e-03,9.881905280053615570e-03,9.881905280053615570e-03,9.881905280053615570e-03,9.881905280053615570e-03
3.546506538987159729e-02,3.546506538987159729e-02,3.546506538987159729e-02,3.546506538987159729e-02,3.546506538987159729e-02,1.771688647568225861e-02,-6.040132604539394379e-03,-1.926484704017639160e-02,-1.963906735181808472e-02,-1.487214956432580948e-02,-7.582226768136024475e-03,1.123609486967325211e-03,7.642487064003944397e-03,8.167797699570655823e-03,8.167797699570655823e-03,8.167797699570655823e-03,8.167797699570655823e-03,8.167797699570655823e-03
6.443811208009719849e-02,6.443811208009719849e-02,6.443811208009719849e-02,6.443811208009719849e-02,6.443811208009719849e-02,5.623244121670722961e-02,2.541164681315422058e-02,1.105216448195278645e-03,-8.303668349981307983e-03,-9.897841140627861023e-03,-9.432789869606494904e-03,-5.012989975512027740e-03,-8.392793242819607258e-04,-2.085867803543806076e-03,-2.085867803543806076e-03,-2.085867803543806076e-03,-2.085867803543806076e-03,-2.085867803543806076e-03
5.895400419831275940e-02,5.895400419831275940e-02,5.895400419831275940e-02,5.895400419831275940e-02,5.895400419831275940e-02,4.391190782189369202e-02,1.341200806200504303e-02,-8.673627860844135284e-03,-1.586173288524150848e-02,-1.749859564006328583e-02,-1.394729409366846085e-02,-5.844972562044858932e-03,1.378120854496955872e-03,3.979479894042015076e-03,3.979479894042015076e-03,3.979479894042015076e-03,3.979479894042015076e-03,3.979479894042015076e-03
5.522843077778816223e-02,5.522843077778816223e-02,5.522843077778816223e-02,5.522843077778816223e-02,5.522843077778816223e-02,3.510219603776931763e-02,3.237007884308695793e-03,-1.521712262183427811e-02,-1.819131150841712952e-02,-1.575861871242523193e-02,-1.130831614136695862e-02,-3.388809738680720329e-03,3.151279408484697342e-03,5.054059904068708420e-03,5.054059904068708420e-03,5.054059904068708420e-03,5.054059904068708420e-03,5.054059904068708420e-03
5.161560326814651489e-02,5.161560326814651489e-02,5.161560326814651489e-02,5.161560326814651489e-02,5.161560326814651489e-02,3.770894557237625122e-02,1.246017497032880783e-02,-6.853419821709394455e-03,-1.273133233189582825e-02,-1.389409881085157394e-02,-1.259067561477422714e-02,-5.851919762790203094e-03,8.745171362534165382e-04,3.519630292430520058e-03,3.519630292430520058e-03,3.519630292430520058e-03,3.519630292430520058e-03,3.519630292430520058e-03
4.334295168519020081e-02,4.334295168519020081e-02,4.334295168519020081e-02,4.334295168519020081e-02,4.334295168519020081e-02,2.633157558739185333e-02,1.930932514369487762e-03,-1.329561136662960052e-02,-1.668154820799827576e-02,-1.558548212051391602e-02,-9.748384356498718262e-03,-2.133612724719569087e-04,7.969124242663383484e-03,9.008126333355903625e-03,9.008126333355903625e-03,9.008126333355903625e-03,9.008126333355903625e-03,9.008126333355903625e-03
5.864854529500007629e-02,5.864854529500007629e-02,5.864854529500007629e-02,5.864854529500007629e-02,5.864854529500007629e-02,4.544378444552421570e-02,1.682000607252120972e-02,-3.896199166774749756e-03,-1.154099591076374054e-02,-1.267034001648426056e-02,-1.029480155557394028e-02,-4.174137953668832779e-03,1.073158928193151951e-03,1.186922541819512844e-03,1.186922541819512844e-03,1.186922541819512844e-03,1.186922541819512844e-03,1.186922541819512844e-03
4.825025051832199097e-02,4.825025051832199097e-02,4.825025051832199097e-02,4.825025051832199097e-02,4.825025051832199097e-02,3.249301388859748840e-02,5.454653408378362656e-03,-1.122432202100753784e-02,-1.560891140252351761e-02,-1.559316739439964294e-02,-1.214872673153877258e-02,-4.512257408350706100e-03,2.696615643799304962e-03,3.856299677863717079e-03,3.856299677863717079e-03,3.856299677863717079e-03,3.856299677863717079e-03,3.856299677863717079e-03
4.119860380887985229e-02,4.119860380887985229e-02,4.119860380887985229e-02,4.119860380887985229e-02,4.119860380887985229e-02,2.348840422928333282e-02,-1.360727241262793541e-03,-1.378976367413997650e-02,-1.291745435446500778e-02,-9.131367318332195282e-03,-3.922577947378158569e-03,2.454239875078201294e-03,6.275053136050701141e-03,4.630038049072027206e-03,4.630038049072027206e-03,4.630038049072027206e-03,4.630038049072027206e-03,4.630038049072027206e-03
