0.000000000000000000e+00,0.000000000000000000e+00,0.000000000000000000e+00,0.000000000000000000e+00,0.000000000000000000e+00,0.000000000000000000e+00,0.000000000000000000e+00,0.000000000000000000e+00,0.000000000000000000e+00,0.000000000000000000e+00,0.000000000000000000e+00,0.000000000000000000e+00,0.000000000000000000e+00,0.000000000000000000e+00,0.000000000000000000e+00,0.000000000000000000e+00,0.000000000000000000e+00,0.000000000000000000e+00
1.000000000000000000e+00,1.000000000000000000e+00,1.000000000000000000e+00,1.000000000000000000e+00,1.000000000000000000e+00,1.000000000000000000e+00,1.000000000000000000e+00,1.000000000000000000e+00,9.691351056098937988e-01,9.664899110794067383e-01,1.000000000000000000e+00,1.000000000000000000e+00,1.000000000000000000e+00,1.000000000000000000e+00,1.000000000000000000e+00,1.000000000000000000e+00,1.000000000000000000e+00,1.000000000000000000e+00
7.791637182235717773e-01,5.279611349105834961e-01,3.924693465232849121e-01,4.415891170501708984e-01,5.201443433761596680e-01,5.633784532546997070e-01,6.325126886367797852e-01,7.066506743431091309e-01,7.575172185897827148e-01,7.729302048683166504e-01,7.935859560966491699e-01,7.934238910675048828e-01,8.370417356491088867e-01,8.731306791305541992e-01,9.044203758239746094e-01,9.158372282981872559e-01,9.216844439506530762e-01,9.263131022453308105e-01
7.554483413696289062e-01,6.019262671470642090e-01,5.979131460189819336e-01,7.787789702415466309e-01,8.982005119323730469e-01,9.370468854904174805e-01,9.644590616226196289e-01,9.901568889617919922e-01,1.000000000000000000e+00,1.000000000000000000e+00,9.993278384208679199e-01,9.366728067398071289e-01,9.107365012168884277e-01,9.225142598152160645e-01,9.346262216567993164e-01,9.378296732902526855e-01,9.339941143989562988e-01,9.371889829635620117e-01
7.734896540641784668e-01,6.467657685279846191e-01,6.214913129806518555e-01,7.480223774909973145e-01,8.356382846832275391e-01,8.756004571914672852e-01,8.960360288619995117e-01,9.237284064292907715e-01,9.256617426872253418e-01,9.191017746925354004e-01,9.229786396026611328e-01,8.899357318878173828e-01,8.564714789390563965e-01,8.498830199241638184e-01,8.780252337455749512e-01,9.078956842422485352e-01,9.069221615791320801e-01,9.166761040687561035e-01
7.521477937698364258e-01,5.336832404136657715e-01,4.434716403484344482e-01,5.305727124214172363e-01,5.503643751144409180e-01,5.752328634262084961e-01,6.148788332939147949e-01,6.295694708824157715e-01,6.447992920875549316e-01,6.573736667633056641e-01,6.814821362495422363e-01,6.950044035911560059e-01,7.143797278404235840e-01,7.454760670661926270e-01,7.956501245498657227e-01,8.544910550117492676e-01,8.707515001296997070e-01,8.830133080482482910e-01
7.374608516693115234e-01,5.463200211524963379e-01,4.514917731285095215e-01,5.484232306480407715e-01,6.281077265739440918e-01,6.641890406608581543e-01,7.100214362144470215e-01,7.498298287391662598e-01,7.732102274894714355e-01,7.999953031539916992e-01,8.166381120681762695e-01,7.879065275192260742e-01,7.658513784408569336e-01,7.635555267333984375e-01,8.007526993751525879e-01,8.547953367233276367e-01,8.756917119026184082e-01,8.907869458198547363e-01
6.920994520187377930e-01,4.937394857406616211e-01,4.384566247463226318e-01,5.843367576599121094e-01,6.634587049484252930e-01,6.858075857162475586e-01,7.169172763824462891e-01,7.552255392074584961e-01,7.697279453277587891e-01,7.837371826171875000e-01,8.053844571113586426e-01,7.844516038894653320e-01,7.699126005172729492e-01,7.755492925643920898e-01,8.148874044418334961e-01,8.643879890441894531e-01,8.842265009880065918e-01,8.857977390289306641e-01
7.009788155555725098e-01,5.018752217292785645e-01,4.372260272502899170e-01,5.839536786079406738e-01,6.671710014343261719e-01,7.177725434303283691e-01,7.535061836242675781e-01,7.844321131706237793e-01,7.827169299125671387e-01,7.953872084617614746e-01,8.218152523040771484e-01,7.871895432472229004e-01,7.585022449493408203e-01,7.680972814559936523e-01,8.039301633834838867e-01,8.585712909698486328e-01,8.820236325263977051e-01,8.904067277908325195e-01
7.434278726577758789e-01,6.229431629180908203e-01,5.959376692771911621e-01,7.160500884056091309e-01,7.625248432159423828e-01,7.691974043846130371e-01,7.830213904380798340e-01,7.995592355728149414e-01,8.004118204116821289e-01,8.085520863533020020e-01,8.221818804740905762e-01,7.809502482414245605e-01,7.599003314971923828e-01,7.668956518173217773e-01,7.960727810859680176e-01,8.520572185516357422e-01,8.758531808853149414e-01,8.906171321868896484e-01
7.276813387870788574e-01,5.090143084526062012e-01,4.082014262676239014e-01,5.236883759498596191e-01,5.827091932296752930e-01,6.022270917892456055e-01,6.367558836936950684e-01,6.680579781532287598e-01,6.717455387115478516e-01,6.811087131500244141e-01,7.039364576339721680e-01,6.968382596969604492e-01,7.121803164482116699e-01,7.379791736602783203e-01,7.749615311622619629e-01,8.329097032546997070e-01,8.522797226905822754e-01,8.638527989387512207e-01
7.537288069725036621e-01,6.022711396217346191e-01,5.621051788330078125e-01,6.741003990173339844e-01,7.417730689048767090e-01,7.686133384704589844e-01,8.006010651588439941e-01,8.302623033523559570e-01,8.331968784332275391e-01,8.393558859825134277e-01,8.550852537155151367e-01,8.285530209541320801e-01,8.148958086967468262e-01,8.062661290168762207e-01,8.231217861175537109e-01,8.635717034339904785e-01,8.733014464378356934e-01,8.785046339035034180e-01
7.335648536682128906e-01,5.670023560523986816e-01,5.231059789657592773e-01,6.589074134826660156e-01,7.504477500915527344e-01,7.769849896430969238e-01,7.853872179985046387e-01,7.867246866226196289e-01,7.740113735198974609e-01,7.574343681335449219e-01,7.806173563003540039e-01,7.600395679473876953e-01,7.498174309730529785e-01,7.659597992897033691e-01,7.972326278686523438e-01,8.443932533264160156e-01,8.615624904632568359e-01,8.715109229087829590e-01
0.000000000000000000e+00,0.000000000000000000e+00,0.000000000000000000e+00,0.000000000000000000e+00,-0.000000000000000000e+00,-0.000000000000000000e+00,-0.000000000000000000e+00,-0.000000000000000000e+00,-0.000000000000000000e+00,-0.000000000000000000e+00,-0.000000000000000000e+00,-0.000000000000000000e+00,-0.000000000000000000e+00,-0.000000000000000000e+00,0.000000000000000000e+00,0.000000000000000000e+00,0.000000000000000000e+00,0.000000000000000000e+00
-2.057659672573208809e-03,-2.057659672573208809e-03,-2.057659672573208809e-03,-2.057659672573208809e-03,-2.057659672573208809e-03,-3.777250647544860840e-03,-2.704334212467074394e-03,-1.631417893804609776e-03,-5.585014587268233299e-04,5.144149181433022022e-04,1.587331295013427734e-03,2.660247730091214180e-03,3.733164165169000626e-03,2.234005834907293320e-03,2.234005834907293320e-03,2.234005834907293320e-03,2.234005834907293320e-03,2.234005834907293320e-03
1.752264425158500671e-02,1.752264425158500671e-02,1.752264425158500671e-02,1.752264425158500671e-02,1.752264425158500671e-02,4.529185593128204346e-02,5.360846221446990967e-02,4.619619995355606079e-02,3.910253196954727173e-02,3.437018766999244690e-02,2.944355830550193787e-02,2.535520680248737335e-02,2.311276085674762726e-02,2.183387242257595062e-02,2.183387242257595062e-02,2.183387242257595062e-02,2.183387242257595062e-02,2.183387242257595062e-02
5.057097226381301880e-02,5.057097226381301880e-02,5.057097226381301880e-02,5.057097226381301880e-02,5.057097226381301880e-02,5.479283258318901062e-02,4.210051521658897400e-02,1.827340759336948395e-02,2.143373014405369759e-03,-5.448975134640932083e-03,-9.401890449225902557e-03,-1.081654988229274750e-02,-9.901604615151882172e-03,-7.017363328486680984e-03,-7.017363328486680984e-03,-7.017363328486680984e-03,-7.017363328486680984e-03,-7.017363328486680984e-03
3.527072817087173462e-02,3.527072817087173462e-02,3.527072817087173462e-02,3.527072817087173462e-02,3.527072817087173462e-02,4.022775217890739441e-02,3.245604038238525391e-02,1.577171310782432556e-02,2.926619956269860268e-03,-4.863864276558160782e-03,-7.685431744903326035e-03,-6.853084545582532883e-03,-3.975601866841316223e-03,-6.640950687142321840e-06,-6.640950687142321840e-06,-6.640950687142321840e-06,-6.640950687142321840e-06,-6.640950687142321840e-06
4.095653537660837173e-03,4.095653537660837173e-03,4.095653537660837173e-03,4.095653537660837173e-03,4.095653537660837173e-03,2.268754318356513977e-02,2.626085467636585236e-02,2.075470238924026489e-02,1.960644684731960297e-02,1.911713741719722748e-02,2.079327590763568878e-02,2.602235414087772369e-02,2.956614457070827484e-02,3.117683902382850647e-02,3.117683902382850647e-02,3.117683902382850647e-02,3.117683902382850647e-02,3.117683902382850647e-02
2.310586720705032349e-02,2.310586720705032349e-02,2.310586720705032349e-02,2.310586720705032349e-02,2.310586720705032349e-02,4.107638821005821228e-02,4.318578913807868958e-02,3.097209520637989044e-02,1.975876465439796448e-02,1.140895113348960876e-02,6.288261152803897858e-03,6.313719321042299271e-03,8.636737242341041565e-03,1.181677170097827911e-02,1.181677170097827911e-02,1.181677170097827911e-02,1.181677170097827911e-02,1.181677170097827911e-02
2.922273799777030945e-02,2.922273799777030945e-02,2.922273799777030945e-02,2.922273799777030945e-02,2.922273799777030945e-02,4.248401522636413574e-02,3.913114964962005615e-02,2.458177506923675537e-02,1.545322779566049576e-02,1.020102389156818390e-02,7.565591949969530106e-03,8.671342395246028900e-03,1.183417066931724548e-02,1.416026521474123001e-02,1.416026521474123001e-02,1.416026521474123001e-02,1.416026521474123001e-02,1.416026521474123001e-02
3.235003724694252014e-02,3.235003724694252014e-02,3.235003724694252014e-02,3.235003724694252014e-02,3.235003724694252014e-02,4.496354609727859497e-02,4.117348045110702515e-02,2.435527183115482330e-02,1.201915368437767029e-02,4.348338581621646881e-03,1.601073192432522774e-03,4.038392566144466400e-03,8.865277282893657684e-03,1.248157676309347153e-02,1.248157676309347153e-02,1.248157676309347153e-02,1.248157676309347153e-02,1.248157676309347153e-02
1.975164562463760376e-02,1.975164562463760376e-02,1.975164562463760376e-02,1.975164562463760376e-02,1.975164562463760376e-02,2.572288364171981812e-02,2.147697657346725464e-02,8.911192417144775391e-03,1.867905259132385254e-03,-1.566968392580747604e-03,-2.573500154539942741e-03,8.563399314880371094e-04,6.100133992731571198e-03,1.112767495214939117e-02,1.112767495214939117e-02,1.112767495214939117e-02,1.112767495214939117e-02,1.112767495214939117e-02
1.315059047192335129e-02,1.315059047192335129e-02,1.315059047192335129e-02,1.315059047192335129e-02,1.315059047192335129e-02,3.036326356232166290e-02,3.165174648165702820e-02,2.081723697483539581e-02,1.581883057951927185e-02,1.431721821427345276e-02,1.431975420564413071e-02,1.818399503827095032e-02,2.267884649336338043e-02,2.518217079341411591e-02,2.518217079341411591e-02,2.518217079341411591e-02,2.518217079341411591e-02,2.518217079341411591e-02
2.622250840067863464e-02,2.622250840067863464e-02,2.622250840067863464e-02,2.622250840067863464e-02,2.622250840067863464e-02,3.554609790444374084e-02,3.186972066760063171e-02,1.886379905045032501e-02,9.839532896876335144e-03,3.532753325998783112e-03,-4.885107045993208885e-04,-5.594392496277578175e-05,2.447531558573246002e-03,4.825115203857421875e-03,4.825115203857421875e-03,4.825115203857421875e-03,4.825115203857421875e-03,4.825115203857421875e-03
2.439321950078010559e-02,2.439321950078010559e-02,2.439321950078010559e-02,2.439321950078010559e-02,2.439321950078010559e-02,3.008363768458366394e-02,2.304155565798282623e-02,7.409339305013418198e-03,-1.536459778435528278e-03,-3.292906330898404121e-03,-1.011595129966735840e-03,4.776482935994863510e-03,1.083719823509454727e-02,1.525440346449613571e-02,1.525440346449613571e-02,1.525440346449613571e-02,1.525440346449613571e-02,1.525440346449613571e-02
0.000000000000000000e+00,0.000000000000000000e+00,0.000000000000000000e+00,0.000000000000000000e+00,0.000000000000000000e+00,0.000000000000000000e+00,0.000000000000000000e+00,0.000000000000000000e+00,0.000000000000000000e+00,0.000000000000000000e+00,0.000000000000000000e+00,0.000000000000000000e+00,0.000000000000000000e+00,0.000000000000000000e+00,0.000000000000000000e+00,0.000000000000000000e+00,0.000000000000000000e+00,0.000000000000000000e+00
-1.870599691756069660e-03,-1.870599691756069660e-03,-1.870599691756069660e-03,-1.870599691756069660e-03,-1.870599691756069660e-03,-2.498564310371875763e-03,2.672842492756899446e-05,1.715982449240982533e-03,2.569197909906506538e-03,2.586374524980783463e-03,1.767512294463813305e-03,1.126113638747483492e-04,-2.378328237682580948e-03,-2.030914416536688805e-03,-2.030914416536688805e-03,-2.030914416536688805e-03,-2.030914416536688805e-03,-2.030914416536688805e-03
3.459341451525688171e-02,3.459341451525688171e-02,3.459341451525688171e-02,3.459341451525688171e-02,3.459341451525688171e-02,9.580533951520919800e-03,-5.954237654805183411e-03,-1.012449059635400772e-02,-9.119440801441669464e-03,-7.183588575571775436e-03,-2.518647350370883942e-03,6.614475860260426998e-04,3.954664862249046564e-04,-2.501846291124820709e-03,-2.501846291124820709e-03,-2.501846291124820709e-03,-2.501846291124820709e-03,-2.501846291124820709e-03
1.439628191292285919e-03,1.439628191292285919e-03,1.439628191292285919e-03,1.439628191292285919e-03,1.439628191292285919e-03,-1.843789964914321899e-02,-2.178149111568927765e-02,-1.597395911812782288e-02,-1.250365376472473145e-02,-9.110670536756515503e-03,-3.534200368449091911e-03,2.037539612501859665e-03,5.246970336884260178e-03,6.400592625141143799e-03,6.400592625141143799e-03,6.400592625141143799e-03,6.400592625141143799e-03,6.400592625141143799e-03
4.578194115310907364e-03,4.578194115310907364e-03,4.578194115310907364e-03,4.578194115310907364e-03,4.578194115310907364e-03,-1.222968846559524536e-02,-1.663351431488990784e-02,-1.218160707503557205e-02,-1.007713936269283295e-02,-8.089059032499790192e-03,-2.989785280078649521e-03,3.701381850987672806e-03,6.465264596045017242e-03,7.238810416311025620e-03,7.238810416311025620e-03,7.238810416311025620e-03,7.238810416311025620e-03,7.238810416311025620e-03
1.944697275757789612e-02,1.944697275757789612e-02,1.944697275757789612e-02,1.944697275757789612e-02,1.944697275757789612e-02,8.064083522185683250e-04,-5.467955023050308228e-03,-2.007976174354553223e-03,-1.819071825593709946e-03,-1.339530535915400833e-05,3.520838683471083641e-03,6.026629824191331863e-03,5.250334739685058594e-03,2.208827296271920204e-03,2.208827296271920204e-03,2.208827296271920204e-03,2.208827296271920204e-03,2.208827296271920204e-03
1.927093230187892914e-02,1.927093230187892914e-02,1.927093230187892914e-02,1.927093230187892914e-02,1.927093230187892914e-02,-3.209046844858676195e-04,-9.746161289513111115e-03,-9.512024931609630585e-03,-1.045234687626361847e-02,-1.086853072047233582e-02,-5.939854774624109268e-03,1.684819464571774006e-03,6.757099181413650513e-03,8.968002162873744965e-03,8.968002162873744965e-03,8.968002162873744965e-03,8.968002162873744965e-03,8.968002162873744965e-03
1.205476839095354080e-02,1.205476839095354080e-02,1.205476839095354080e-02,1.205476839095354080e-02,1.205476839095354080e-02,-7.948924787342548370e-03,-1.276479195803403854e-02,-7.631734944880008698e-03,-7.162615191191434860e-03,-7.452965248376131058e-03,-3.199281403794884682e-03,3.242667531594634056e-03,6.422420963644981384e-03,6.344051565974950790e-03,6.344051565974950790e-03,6.344051565974950790e-03,6.344051565974950790e-03,6.344051565974950790e-03
1.201084163039922714e-02,1.201084163039922714e-02,1.201084163039922714e-02,1.201084163039922714e-02,1.201084163039922714e-02,-9.937447495758533478e-03,-1.579689234495162964e-02,-1.102770399302244186e-02,-1.008712779730558395e-02,-7.725866511464118958e-03,-2.584285102784633636e-03,4.315066616982221603e-03,7.737144827842712402e-03,8.743980899453163147e-03,8.743980899453163147e-03,8.743980899453163147e-03,8.743980899453163147e-03,8.743980899453163147e-03
3.579332260414958000e-03,3.579332260414958000e-03,3.579332260414958000e-03,3.579332260414958000e-03,3.579332260414958000e-03,-8.499557152390480042e-03,-9.639007039368152618e-03,-5.460148677229881287e-03,-5.863239523023366928e-03,-5.602062679827213287e-03,-1.662020571529865265e-03,4.984130617231130600e-03,8.879352360963821411e-03,9.977202862501144409e-03,9.977202862501144409e-03,9.977202862501144409e-03,9.977202862501144409e-03,9.977202862501144409e-03
1.789838448166847229e-02,1.789838448166847229e-02,1.789838448166847229e-02,1.789838448166847229e-02,1.789838448166847229e-02,-3.087328281253576279e-03,-1.037264335900545120e-02,-5.824902094900608063e-03,-3.779046703130006790e-03,-2.077076351270079613e-03,1.721024163998663425e-03,6.040240637958049774e-03,6.069588009268045425e-03,4.055101890116930008e-03,4.055101890116930008e-03,4.055101890116930008e-03,4.055101890116930008e-03,4.055101890116930008e-03
9.087463840842247009e-03,9.087463840842247009e-03,9.087463840842247009e-03,9.087463840842247009e-03,9.087463840842247009e-03,-7.564626634120941162e-03,-1.194186322391033173e-02,-8.639092557132244110e-03,-7.632130291312932968e-03,-7.258297409862279892e-03,-3.725019749253988266e-03,1.939108711667358875e-03,4.733654204756021500e-03,5.822904873639345169e-03,5.822904873639345169e-03,5.822904873639345169e-03,5.822904873639345169e-03,5.822904873639345169e-03
3.898597788065671921e-03,3.898597788065671921e-03,3.898597788065671921e-03,3.898597788065671921e-03,3.898597788065671921e-03,-1.525952666997909546e-02,-1.746284775435924530e-02,-8.813102729618549347e-03,-3.230240195989608765e-03,-5.634574335999786854e-06,3.424486145377159119e-03,7.066394668072462082e-03,7.462605834007263184e-03,5.738566163927316666e-03,5.738566163927316666e-03,5.738566163927316666e-03,5.738566163927316666e-03,5.738566163927316666e-03
