0.000000000000000000e+00,0.000000000000000000e+00,0.000000000000000000e+00,0.000000000000000000e+00,0.000000000000000000e+00,0.000000000000000000e+00,0.000000000000000000e+00,0.000000000000000000e+00,0.000000000000000000e+00,0.000000000000000000e+00,0.000000000000000000e+00,0.000000000000000000e+00,0.000000000000000000e+00,0.000000000000000000e+00,0.000000000000000000e+00,0.000000000000000000e+00,0.000000000000000000e+00,0.000000000000000000e+00,0.000000000000000000e+00
1.000000000000000000e+00,1.000000000000000000e+00,1.000000000000000000e+00,1.000000000000000000e+00,1.000000000000000000e+00,1.000000000000000000e+00,1.000000000000000000e+00,1.000000000000000000e+00,9.824324846267700195e-01,1.000000000000000000e+00,1.000000000000000000e+00,1.000000000000000000e+00,1.000000000000000000e+00,1.000000000000000000e+00,1.000000000000000000e+00,1.000000000000000000e+00,1.000000000000000000e+00,1.000000000000000000e+00,1.000000000000000000e+00
9.306902885437011719e-01,9.078474044799804688e-01,8.524932265281677246e-01,6.579534411430358887e-01,4.450212121009826660e-01,3.631068170070648193e-01,4.873302578926086426e-01,5.943398475646972656e-01,6.329382658004760742e-01,5.687106847763061523e-01,5.724161267280578613e-01,6.648340225219726562e-01,7.278166413307189941e-01,8.062840700149536133e-01,8.528199791908264160e-01,8.924708962440490723e-01,9.264688491821289062e-01,9.297962188720703125e-01,9.092059731483459473e-01
9.337812662124633789e-01,9.095596671104431152e-01,8.309233188629150391e-01,7.248743772506713867e-01,6.630272269248962402e-01,7.201809287071228027e-01,9.199849367141723633e-01,9.922282695770263672e-01,1.000000000000000000e+00,9.009730815887451172e-01,8.596887588500976562e-01,8.945581912994384766e-01,8.921040892601013184e-01,9.132869243621826172e-01,9.246214032173156738e-01,9.293772578239440918e-01,9.393638372421264648e-01,9.659028053283691406e-01,9.203655719757080078e-01
9.028532505035400391e-01,8.756594657897949219e-01,8.024696111679077148e-01,7.265769839286804199e-01,6.221080422401428223e-01,6.159414052963256836e-01,7.806509137153625488e-01,8.357608914375305176e-01,8.621105551719665527e-01,8.260859847068786621e-01,8.206399083137512207e-01,8.583524227142333984e-01,8.639816045761108398e-01,8.844129443168640137e-01,8.864101171493530273e-01,8.747026324272155762e-01,9.261314868927001953e-01,9.676834940910339355e-01,8.965837955474853516e-01
9.157143831253051758e-01,8.817470669746398926e-01,7.960252165794372559e-01,6.422907114028930664e-01,4.637012481689453125e-01,4.208535552024841309e-01,5.341988205909729004e-01,5.655409693717956543e-01,5.909857749938964844e-01,5.350058078765869141e-01,5.428951978683471680e-01,6.030314564704895020e-01,6.395037770271301270e-01,7.014551162719726562e-01,7.491572499275207520e-01,7.582052946090698242e-01,8.303302526473999023e-01,8.894191980361938477e-01,8.721060156822204590e-01
9.198440909385681152e-01,8.809362649917602539e-01,8.079577684402465820e-01,6.597948074340820312e-01,4.856367707252502441e-01,4.285663962364196777e-01,5.605921149253845215e-01,6.371064782142639160e-01,6.922526955604553223e-01,6.769387125968933105e-01,6.890558004379272461e-01,7.371134161949157715e-01,7.763736844062805176e-01,8.171319961547851562e-01,8.293870091438293457e-01,8.265496492385864258e-01,8.533201217651367188e-01,9.026934504508972168e-01,8.758202791213989258e-01
8.919275999069213867e-01,8.566247820854187012e-01,7.668218016624450684e-01,5.962098836898803711e-01,4.682673513889312744e-01,4.916261732578277588e-01,6.816187500953674316e-01,7.506757974624633789e-01,7.677266001701354980e-01,7.085721492767333984e-01,6.973064541816711426e-01,7.340449690818786621e-01,7.604784369468688965e-01,7.978003621101379395e-01,8.258040547370910645e-01,8.298901915550231934e-01,8.643343448638916016e-01,9.226219058036804199e-01,8.772206902503967285e-01
8.858356475830078125e-01,8.292719721794128418e-01,7.380537390708923340e-01,6.038355231285095215e-01,4.900548756122589111e-01,4.867674112319946289e-01,6.245503425598144531e-01,6.624234914779663086e-01,6.954503059387207031e-01,6.659234762191772461e-01,6.690768003463745117e-01,7.278046011924743652e-01,7.621792554855346680e-01,7.993167638778686523e-01,8.193128705024719238e-01,8.186492919921875000e-01,8.564435839653015137e-01,9.039878249168395996e-01,8.694885373115539551e-01
9.020047783851623535e-01,8.423162102699279785e-01,7.398788332939147949e-01,6.668949723243713379e-01,5.956331491470336914e-01,5.921527743339538574e-01,7.214273810386657715e-01,7.644966840744018555e-01,7.747957706451416016e-01,7.185868620872497559e-01,7.095970511436462402e-01,7.474859952926635742e-01,7.705781459808349609e-01,8.055350184440612793e-01,8.007051348686218262e-01,7.962948679924011230e-01,8.355967402458190918e-01,8.907852768898010254e-01,8.678112030029296875e-01
8.739847540855407715e-01,8.294540047645568848e-01,7.379273176193237305e-01,5.983094573020935059e-01,4.517130851745605469e-01,4.266296923160552979e-01,5.595530271530151367e-01,6.090829372406005859e-01,6.467331051826477051e-01,6.133904457092285156e-01,6.160395145416259766e-01,6.624108552932739258e-01,6.872651576995849609e-01,7.518023848533630371e-01,7.673771977424621582e-01,7.710556387901306152e-01,8.372766971588134766e-01,8.948292136192321777e-01,8.631465435028076172e-01
8.797419667243957520e-01,8.351630568504333496e-01,7.709218263626098633e-01,6.677786707878112793e-01,5.844236612319946289e-01,5.887984633445739746e-01,7.268374562263488770e-01,7.746245265007019043e-01,7.917860746383666992e-01,7.397519946098327637e-01,7.265311479568481445e-01,7.654847502708435059e-01,7.940737605094909668e-01,8.340578079223632812e-01,8.388821482658386230e-01,8.297351002693176270e-01,8.397581577301025391e-01,8.829880356788635254e-01,8.589644432067871094e-01
8.864237070083618164e-01,8.321012854576110840e-01,7.434550523757934570e-01,6.474972963333129883e-01,5.602439641952514648e-01,5.726205110549926758e-01,7.038100957870483398e-01,7.329741716384887695e-01,7.527979016304016113e-01,7.148258090019226074e-01,7.077434062957763672e-01,7.263308763504028320e-01,7.402377128601074219e-01,7.820035815238952637e-01,7.978681921958923340e-01,7.938885092735290527e-01,8.355959057807922363e-01,8.890392780303955078e-01,8.562508225440979004e-01
0.000000000000000000e+00,0.000000000000000000e+00,0.000000000000000000e+00,0.000000000000000000e+00,-0.000000000000000000e+00,-0.000000000000000000e+00,-0.000000000000000000e+00,-0.000000000000000000e+00,-0.000000000000000000e+00,-0.000000000000000000e+00,-0.000000000000000000e+00,-0.000000000000000000e+00,-0.000000000000000000e+00,-0.000000000000000000e+00,-0.000000000000000000e+00,0.000000000000000000e+00,0.000000000000000000e+00,0.000000000000000000e+00,0.000000000000000000e+00
-1.171167707070708275e-03,-1.171167707070708275e-03,-1.171167707070708275e-03,-1.171167707070708275e-03,-1.171167707070708275e-03,-8.783757803030312061e-04,-5.855838535353541374e-04,-2.927919267676770687e-04,-3.408497389288563174e-18,2.927919267676770687e-04,5.855838535353541374e-04,8.783757803030312061e-04,1.171167707070708275e-03,-3.469446951953614189e-18,-3.469446951953614189e-18,-3.109246522005967991e-17,-3.109246522005967991e-17,-3.109246522005967991e-17,-3.109246522005967991e-17
-5.261172354221343994e-02,-5.261172354221343994e-02,-5.261172354221343994e-02,-5.261172354221343994e-02,-5.261172354221343994e-02,-3.500216454267501831e-02,-1.301615871489048004e-02,1.610871404409408569e-02,3.634843230247497559e-02,4.291057214140892029e-02,3.972785919904708862e-02,4.137860983610153198e-02,4.746101051568984985e-02,5.144628882408142090e-02,4.375895485281944275e-02,4.375895485281944275e-02,4.375895485281944275e-02,4.375895485281944275e-02,4.375895485281944275e-02
1.143850851804018021e-02,1.143850851804018021e-02,1.143850851804018021e-02,1.143850851804018021e-02,1.143850851804018021e-02,2.107582055032253265e-02,2.648917958140373230e-02,2.850531972944736481e-02,2.045986242592334747e-02,5.885500926524400711e-03,-7.341414690017700195e-03,-7.008280139416456223e-03,-1.456350146327167749e-04,1.001499313861131668e-02,9.455848485231399536e-03,9.455848485231399536e-03,9.455848485231399536e-03,9.455848485231399536e-03,9.455848485231399536e-03
-7.282324600964784622e-03,-7.282324600964784622e-03,-7.282324600964784622e-03,-7.282324600964784622e-03,-7.282324600964784622e-03,5.958993453532457352e-03,1.785054430365562439e-02,2.707410231232643127e-02,2.941717393696308136e-02,2.212651073932647705e-02,1.008335873484611511e-02,6.477687973529100418e-03,9.325576946139335632e-03,1.563322916626930237e-02,1.243930403143167496e-02,1.243930403143167496e-02,1.243930403143167496e-02,1.243930403143167496e-02,1.243930403143167496e-02
-4.987704381346702576e-02,-4.987704381346702576e-02,-4.987704381346702576e-02,-4.987704381346702576e-02,-4.987704381346702576e-02,-3.475142270326614380e-02,-1.558530516922473907e-02,6.093938369303941727e-03,2.061002328991889954e-02,2.442019246518611908e-02,2.387729659676551819e-02,2.791131474077701569e-02,3.563207015395164490e-02,4.499933123588562012e-02,4.357349500060081482e-02,4.357349500060081482e-02,4.357349500060081482e-02,4.357349500060081482e-02,4.357349500060081482e-02
-3.946357592940330505e-02,-3.946357592940330505e-02,-3.946357592940330505e-02,-3.946357592940330505e-02,-3.946357592940330505e-02,-1.889211311936378479e-02,3.293263027444481850e-03,2.579894475638866425e-02,3.975580632686614990e-02,3.997373580932617188e-02,3.072788007557392120e-02,2.561466768383979797e-02,2.422972582280635834e-02,2.712829597294330597e-02,2.345180884003639221e-02,2.345180884003639221e-02,2.345180884003639221e-02,2.345180884003639221e-02,2.345180884003639221e-02
-1.816068030893802643e-02,-1.816068030893802643e-02,-1.816068030893802643e-02,-1.816068030893802643e-02,-1.816068030893802643e-02,-1.120215165428817272e-03,1.528322510421276093e-02,2.930762432515621185e-02,3.142287582159042358e-02,2.262656763195991516e-02,1.215152349323034286e-02,1.221197284758090973e-02,1.785226166248321533e-02,2.690497972071170807e-02,2.541982382535934448e-02,2.541982382535934448e-02,2.541982382535934448e-02,2.541982382535934448e-02,2.541982382535934448e-02
-2.676936239004135132e-02,-2.676936239004135132e-02,-2.676936239004135132e-02,-2.676936239004135132e-02,-2.676936239004135132e-02,-8.825547993183135986e-03,8.280050940811634064e-03,2.436923608183860779e-02,3.173603489995002747e-02,2.945788018405437469e-02,2.308448217809200287e-02,2.260633185505867004e-02,2.456891350448131561e-02,2.921967953443527222e-02,2.563429623842239380e-02,2.563429623842239380e-02,2.563429623842239380e-02,2.563429623842239380e-02,2.563429623842239380e-02
-1.423232816159725189e-02,-1.423232816159725189e-02,-1.423232816159725189e-02,-1.423232816159725189e-02,-1.423232816159725189e-02,-1.152815413661301136e-03,9.410294704139232635e-03,1.617487333714962006e-02,1.827015355229377747e-02,1.502935308963060379e-02,7.678165100514888763e-03,7.329970598220825195e-03,1.194321829825639725e-02,1.990895718336105347e-02,1.972585730254650116e-02,1.972585730254650116e-02,1.972585730254650116e-02,1.972585730254650116e-02,1.972585730254650116e-02
-3.497580066323280334e-02,-3.497580066323280334e-02,-3.497580066323280334e-02,-3.497580066323280334e-02,-3.497580066323280334e-02,-1.680750027298927307e-02,2.169750630855560303e-03,2.016810700297355652e-02,2.944720350205898285e-02,2.932982333004474640e-02,2.315899170935153961e-02,2.263120934367179871e-02,2.712061442434787750e-02,3.478113561868667603e-02,3.341599181294441223e-02,3.341599181294441223e-02,3.341599181294441223e-02,3.341599181294441223e-02,3.341599181294441223e-02
-1.167646888643503189e-02,-1.167646888643503189e-02,-1.167646888643503189e-02,-1.167646888643503189e-02,-1.167646888643503189e-02,6.175666931085288525e-04,1.064846944063901901e-02,1.973337493836879730e-02,2.221956849098205566e-02,1.832019723951816559e-02,1.094644609838724136e-02,1.029807887971401215e-02,1.258521154522895813e-02,1.809890381991863251e-02,1.615481823682785034e-02,1.615481823682785034e-02,1.615481823682785034e-02,1.615481823682785034e-02,1.615481823682785034e-02
-1.643418706953525543e-02,-1.643418706953525543e-02,-1.643418706953525543e-02,-1.643418706953525543e-02,-1.643418706953525543e-02,-2.109224675223231316e-03,1.007667463272809982e-02,1.818718388676643372e-02,1.951373927295207977e-02,1.480790041387081146e-02,8.495088666677474976e-03,9.095300920307636261e-03,1.340503990650177002e-02,2.121928520500659943e-02,2.141260355710983276e-02,2.141260355710983276e-02,2.141260355710983276e-02,2.141260355710983276e-02,2.141260355710983276e-02
0.000000000000000000e+00,0.000000000000000000e+00,0.000000000000000000e+00,0.000000000000000000e+00,0.000000000000000000e+00,0.000000000000000000e+00,0.000000000000000000e+00,0.000000000000000000e+00,0.000000000000000000e+00,0.000000000000000000e+00,0.000000000000000000e+00,0.000000000000000000e+00,0.000000000000000000e+00,0.000000000000000000e+00,0.000000000000000000e+00,0.000000000000000000e+00,0.000000000000000000e+00,0.000000000000000000e+00,0.000000000000000000e+00
-1.064697862602770329e-03,-1.064697862602770329e-03,-1.064697862602770329e-03,-1.064697862602770329e-03,-1.064697862602770329e-03,-2.661744656506925821e-04,3.041994059458374977e-04,6.464237230829894543e-04,7.604985148645937443e-04,6.464237230829894543e-04,3.041994059458374977e-04,-2.661744656506925821e-04,-1.064697862602770329e-03,1.387778780781445676e-17,1.387778780781445676e-17,-3.743857833595425717e-17,-3.743857833595425717e-17,-3.743857833595425717e-17,-3.743857833595425717e-17
3.748890385031700134e-02,3.748890385031700134e-02,3.748890385031700134e-02,3.748890385031700134e-02,3.748890385031700134e-02,4.028395935893058777e-02,2.995072863996028900e-02,1.249828655272722244e-02,-1.890800194814801216e-03,-1.492762356065213680e-03,8.709853515028953552e-03,1.218704134225845337e-02,6.329958792775869370e-03,-6.503365933895111084e-03,-1.411620620638132095e-02,-1.411620620638132095e-02,-1.411620620638132095e-02,-1.411620620638132095e-02,-1.411620620638132095e-02
3.381956741213798523e-02,3.381956741213798523e-02,3.381956741213798523e-02,3.381956741213798523e-02,3.381956741213798523e-02,1.831111125648021698e-02,-4.538533743470907211e-03,-2.045544981956481934e-02,-2.505403012037277222e-02,-1.365095097571611404e-02,4.616762511432170868e-03,1.102074049413204193e-02,9.230973199009895325e-03,2.433631103485822678e-03,-3.473407588899135590e-03,-3.473407588899135590e-03,-3.473407588899135590e-03,-3.473407588899135590e-03,-3.473407588899135590e-03
2.915366180241107941e-02,2.915366180241107941e-02,2.915366180241107941e-02,2.915366180241107941e-02,2.915366180241107941e-02,2.302272804081439972e-02,8.982686325907707214e-03,-3.682084148749709129e-03,-1.379516813904047012e-02,-1.116674207150936127e-02,-2.988369087688624859e-04,1.391813391819596291e-03,3.058991162106394768e-03,2.475295681506395340e-03,-2.358347875997424126e-03,-2.358347875997424126e-03,-2.358347875997424126e-03,-2.358347875997424126e-03,-2.358347875997424126e-03
3.101591020822525024e-02,3.101591020822525024e-02,3.101591020822525024e-02,3.101591020822525024e-02,3.101591020822525024e-02,3.102625906467437744e-02,2.130014635622501373e-02,8.288665674626827240e-03,-2.356768585741519928e-03,6.837421678937971592e-04,1.029110141098499298e-02,9.508219547569751740e-03,7.676536217331886292e-03,2.100096317008137703e-03,-3.222631290555000305e-03,-3.222631290555000305e-03,-3.222631290555000305e-03,-3.222631290555000305e-03,-3.222631290555000305e-03
3.593448922038078308e-02,3.593448922038078308e-02,3.593448922038078308e-02,3.593448922038078308e-02,3.593448922038078308e-02,3.763970360159873962e-02,2.710415050387382507e-02,9.635813534259796143e-03,-5.811588838696479797e-03,-8.174160495400428772e-03,-1.017161179333925247e-03,5.782308653579093516e-05,-6.422743899747729301e-04,-2.431913977488875389e-03,-4.919264931231737137e-03,-4.919264931231737137e-03,-4.919264931231737137e-03,-4.919264931231737137e-03,-4.919264931231737137e-03
3.955700621008872986e-02,3.955700621008872986e-02,3.955700621008872986e-02,3.955700621008872986e-02,3.955700621008872986e-02,3.119411319494247437e-02,1.188226230442523956e-02,-8.328616619110107422e-03,-1.776746474206447601e-02,-1.029469165951013565e-02,5.088552366942167282e-03,8.433635346591472626e-03,6.560864392668008804e-03,2.533827442675828934e-03,-3.250854089856147766e-03,-3.250854089856147766e-03,-3.250854089856147766e-03,-3.250854089856147766e-03,-3.250854089856147766e-03
3.349717333912849426e-02,3.349717333912849426e-02,3.349717333912849426e-02,3.349717333912849426e-02,3.349717333912849426e-02,2.832530625164508820e-02,1.466812659054994583e-02,1.060253824107348919e-03,-7.089528255164623260e-03,-4.155391827225685120e-03,4.165372345596551895e-03,3.168859984725713730e-03,1.587170176208019257e-03,-1.314228284172713757e-03,-5.061226431280374527e-03,-5.061226431280374527e-03,-5.061226431280374527e-03,-5.061226431280374527e-03,-5.061226431280374527e-03
2.855234034359455109e-02,2.855234034359455109e-02,2.855234034359455109e-02,2.855234034359455109e-02,2.855234034359455109e-02,1.866621337831020355e-02,3.958177287131547928e-03,-5.351441446691751480e-03,-9.794683195650577545e-03,-4.595194477587938309e-03,4.614202305674552917e-03,5.248910281807184219e-03,3.895724657922983170e-03,1.528167515061795712e-03,-9.941122261807322502e-04,-9.941122261807322502e-04,-9.941122261807322502e-04,-9.941122261807322502e-04,-9.941122261807322502e-04
3.422465175390243530e-02,3.422465175390243530e-02,3.422465175390243530e-02,3.422465175390243530e-02,3.422465175390243530e-02,3.183768689632415771e-02,1.906325854361057281e-02,3.821975784376263618e-03,-7.806872949004173279e-03,-4.725256003439426422e-03,4.326504189521074295e-03,4.798080306500196457e-03,5.171288270503282547e-03,2.533905208110809326e-03,-2.412500092759728432e-03,-2.412500092759728432e-03,-2.412500092759728432e-03,-2.412500092759728432e-03,-2.412500092759728432e-03
2.822281233966350555e-02,2.822281233966350555e-02,2.822281233966350555e-02,2.822281233966350555e-02,2.822281233966350555e-02,2.041113190352916718e-02,6.616407074034214020e-03,-5.691417027264833450e-03,-1.110207941383123398e-02,-5.283447448164224625e-03,4.966231528669595718e-03,5.598030984401702881e-03,2.321738284081220627e-03,-1.736838603392243385e-03,-4.761021118611097336e-03,-4.761021118611097336e-03,-4.761021118611097336e-03,-4.761021118611097336e-03,-4.761021118611097336e-03
2.885006554424762726e-02,2.885006554424762726e-02,2.885006554424762726e-02,2.885006554424762726e-02,2.885006554424762726e-02,2.121780999004840851e-02,7.346692960709333420e-03,-5.147812888026237488e-03,-1.180701050907373428e-02,-5.979111418128013611e-03,4.443765617907047272e-03,5.389363504946231842e-03,5.507995840162038803e-03,3.813788993284106255e-03,-5.514477379620075226e-04,-5.514477379620075226e-04,-5.514477379620075226e-04,-5.514477379620075226e-04,-5.514477379620075226e-04
