0.000000000000000000e+00,0.000000000000000000e+00,0.000000000000000000e+00,0.000000000000000000e+00,0.000000000000000000e+00,0.000000000000000000e+00,0.000000000000000000e+00,0.000000000000000000e+00,0.000000000000000000e+00,0.000000000000000000e+00,0.000000000000000000e+00,0.000000000000000000e+00,0.000000000000000000e+00,0.000000000000000000e+00,0.000000000000000000e+00,0.000000000000000000e+00,0.000000000000000000e+00,0.000000000000000000e+00,0.000000000000000000e+00,0.000000000000000000e+00,0.000000000000000000e+00,0.000000000000000000e+00
1.000000000000000000e+00,1.000000000000000000e+00,1.000000000000000000e+00,1.000000000000000000e+00,1.000000000000000000e+00,1.000000000000000000e+00,1.000000000000000000e+00,1.000000000000000000e+00,1.000000000000000000e+00,1.000000000000000000e+00,1.000000000000000000e+00,1.000000000000000000e+00,1.000000000000000000e+00,9.918541312217712402e-01,9.375814795494079590e-01,9.121028184890747070e-01,9.203936457633972168e-01,9.769350886344909668e-01,1.000000000000000000e+00,1.000000000000000000e+00,1.000000000000000000e+00,1.000000000000000000e+00
8.999039530754089355e-01,9.039397835731506348e-01,8.627054691314697266e-01,8.779372572898864746e-01,7.779465913772583008e-01,5.476754903793334961e-01,3.931377828121185303e-01,3.739585578441619873e-01,3.699755668640136719e-01,4.515582025051116943e-01,5.643817782402038574e-01,5.542412400245666504e-01,5.729922652244567871e-01,6.765359640121459961e-01,7.124576568603515625e-01,7.634399533271789551e-01,8.131635189056396484e-01,8.741940855979919434e-01,9.105098843574523926e-01,9.195010066032409668e-01,9.192664027214050293e-01,8.950273990631103516e-01
9.031169414520263672e-01,9.043684005737304688e-01,8.480693101882934570e-01,8.349471688270568848e-01,6.515659689903259277e-01,4.491988122463226318e-01,3.996181488037109375e-01,5.540202856063842773e-01,7.016777992248535156e-01,8.368039131164550781e-01,9.283123016357421875e-01,9.380900263786315918e-01,9.448848962783813477e-01,1.000000000000000000e+00,1.000000000000000000e+00,1.000000000000000000e+00,1.000000000000000000e+00,1.000000000000000000e+00,9.707329869270324707e-01,9.407747387886047363e-01,9.365690350532531738e-01,9.125509858131408691e-01
8.843765258789062500e-01,8.699142336845397949e-01,8.148297667503356934e-01,8.027506470680236816e-01,6.696661710739135742e-01,5.183032155036926270e-01,5.126368403434753418e-01,6.620193719863891602e-01,7.576587200164794922e-01,8.270471692085266113e-01,8.611499667167663574e-01,8.521974086761474609e-01,8.727546930313110352e-01,9.114853143692016602e-01,8.832486867904663086e-01,8.903306126594543457e-01,9.063961505889892578e-01,9.225879311561584473e-01,9.029603600502014160e-01,8.990755081176757812e-01,8.987175226211547852e-01,8.817517161369323730e-01
8.691543936729431152e-01,8.430443406105041504e-01,7.855275273323059082e-01,7.717933058738708496e-01,6.867961883544921875e-01,5.109426379203796387e-01,4.204927086830139160e-01,4.519954025745391846e-01,4.411110579967498779e-01,4.651832580566406250e-01,5.190788507461547852e-01,5.032603144645690918e-01,5.222296118736267090e-01,5.901471376419067383e-01,6.074898242950439453e-01,6.218155026435852051e-01,6.700205802917480469e-01,7.277073860168457031e-01,7.683573961257934570e-01,8.180221915245056152e-01,8.486106991767883301e-01,8.514397740364074707e-01
8.738523125648498535e-01,8.584265708923339844e-01,8.179107308387756348e-01,8.013538718223571777e-01,7.179931998252868652e-01,5.234764814376831055e-01,4.039096534252166748e-01,4.338213205337524414e-01,4.986043274402618408e-01,5.875504612922668457e-01,6.967020034790039062e-01,7.105412483215332031e-01,7.256583571434020996e-01,7.853953838348388672e-01,7.935820221900939941e-01,8.222787380218505859e-01,8.598517775535583496e-01,8.896575570106506348e-01,8.785809874534606934e-01,8.727248907089233398e-01,8.768339753150939941e-01,8.652163147926330566e-01
8.604379296302795410e-01,8.360649943351745605e-01,7.967689633369445801e-01,7.750515341758728027e-01,6.524355411529541016e-01,4.478250145912170410e-01,3.972599804401397705e-01,5.351277589797973633e-01,6.109786629676818848e-01,6.721619963645935059e-01,7.346478700637817383e-01,7.318555712699890137e-01,7.489019036293029785e-01,7.912465333938598633e-01,7.890542149543762207e-01,8.076288700103759766e-01,8.304729461669921875e-01,8.678476214408874512e-01,8.633189201354980469e-01,8.669657111167907715e-01,8.778255581855773926e-01,8.701676726341247559e-01
8.525598049163818359e-01,8.049241304397583008e-01,7.452642321586608887e-01,7.341157197952270508e-01,5.913362503051757812e-01,3.779618144035339355e-01,3.227921128273010254e-01,4.274098575115203857e-01,4.949323534965515137e-01,5.484635233879089355e-01,6.428799033164978027e-01,6.615602374076843262e-01,6.792216897010803223e-01,7.225494384765625000e-01,7.175912261009216309e-01,7.372240424156188965e-01,7.782071828842163086e-01,8.334438204765319824e-01,8.321427106857299805e-01,8.430581688880920410e-01,8.660546541213989258e-01,8.651547431945800781e-01
8.661231994628906250e-01,8.010486364364624023e-01,7.231733202934265137e-01,7.164774537086486816e-01,6.117941737174987793e-01,4.730446338653564453e-01,4.513641893863677979e-01,5.939765572547912598e-01,6.751425266265869141e-01,7.197903394699096680e-01,7.583662271499633789e-01,7.643629908561706543e-01,7.810727953910827637e-01,8.202738165855407715e-01,8.170768618583679199e-01,8.361697196960449219e-01,8.441843390464782715e-01,8.561905026435852051e-01,8.471713066101074219e-01,8.425267338752746582e-01,8.561146855354309082e-01,8.562058806419372559e-01
8.612021207809448242e-01,7.959262728691101074e-01,7.342024445533752441e-01,7.301841974258422852e-01,6.558597087860107422e-01,4.893604516983032227e-01,4.056683182716369629e-01,4.591675400733947754e-01,4.703662991523742676e-01,5.177229046821594238e-01,6.040027141571044922e-01,6.126668453216552734e-01,6.202597618103027344e-01,6.660556793212890625e-01,6.696313619613647461e-01,6.848490238189697266e-01,7.167251110076904297e-01,7.751119136810302734e-01,8.045259118080139160e-01,8.345107436180114746e-01,8.578618168830871582e-01,8.595870137214660645e-01
8.536097407341003418e-01,8.042686581611633301e-01,7.584400773048400879e-01,7.420472502708435059e-01,6.779128909111022949e-01,5.145890712738037109e-01,4.514658153057098389e-01,5.312192440032958984e-01,5.960988402366638184e-01,6.611132025718688965e-01,7.366825342178344727e-01,7.506154179573059082e-01,7.818233370780944824e-01,8.352662920951843262e-01,8.273815512657165527e-01,8.329833745956420898e-01,8.414185047149658203e-01,8.691664934158325195e-01,8.544391989707946777e-01,8.498302102088928223e-01,8.750337362289428711e-01,8.596661686897277832e-01
8.429991602897644043e-01,8.059318661689758301e-01,7.637432217597961426e-01,7.521757483482360840e-01,6.616770625114440918e-01,5.037995576858520508e-01,4.864183664321899414e-01,5.903339385986328125e-01,6.539399623870849609e-01,7.222406864166259766e-01,7.567105293273925781e-01,7.438530325889587402e-01,7.422593832015991211e-01,7.751219272613525391e-01,7.626045942306518555e-01,7.663026452064514160e-01,7.814872860908508301e-01,8.126093745231628418e-01,8.166728019714355469e-01,8.207326531410217285e-01,8.470125794410705566e-01,8.458170294761657715e-01
0.000000000000000000e+00,0.000000000000000000e+00,0.000000000000000000e+00,0.000000000000000000e+00,-0.000000000000000000e+00,-0.000000000000000000e+00,-0.000000000000000000e+00,-0.000000000000000000e+00,-0.000000000000000000e+00,-0.000000000000000000e+00,-0.000000000000000000e+00,-0.000000000000000000e+00,-0.000000000000000000e+00,-0.000000000000000000e+00,-0.000000000000000000e+00,-0.000000000000000000e+00,-0.000000000000000000e+00,-0.000000000000000000e+00,0.000000000000000000e+00,0.000000000000000000e+00,0.000000000000000000e+00,0.000000000000000000e+00
-3.109246522005967991e-17,-3.109246522005967991e-17,-3.109246522005967991e-17,-3.109246522005967991e-17,-3.469446951953614189e-18,-3.469446951953614189e-18,-3.469446951953614189e-18,-3.469446951953614189e-18,-3.469446951953614189e-18,-5.430579185485839844e-04,-4.568527918308973312e-03,-9.252266958355903625e-03,-1.191833149641752243e-02,-9.488193318247795105e-03,-5.135979037731885910e-03,-7.837653392925858498e-04,3.568448591977357864e-03,7.920662872493267059e-03,7.920662872493267059e-03,7.920662872493267059e-03,7.920662872493267059e-03,7.920662872493267059e-03
-8.298423886299133301e-02,-8.298423886299133301e-02,-8.298423886299133301e-02,-8.298423886299133301e-02,-8.298423886299133301e-02,-7.800804078578948975e-02,-5.770151689648628235e-02,-3.584792092442512512e-02,-6.333873607218265533e-03,2.683294937014579773e-02,4.489547014236450195e-02,5.073229596018791199e-02,5.211405828595161438e-02,4.991252720355987549e-02,4.852695763111114502e-02,4.949356615543365479e-02,4.368083924055099487e-02,3.173100575804710388e-02,3.173100575804710388e-02,3.173100575804710388e-02,3.173100575804710388e-02,3.173100575804710388e-02
-5.232419446110725403e-02,-5.232419446110725403e-02,-5.232419446110725403e-02,-5.232419446110725403e-02,-5.232419446110725403e-02,-2.538723498582839966e-02,8.859788998961448669e-03,3.866800293326377869e-02,6.633535772562026978e-02,8.056298643350601196e-02,7.211944460868835449e-02,5.036417022347450256e-02,3.146937489509582520e-02,1.744637452065944672e-02,7.760714273899793625e-03,1.471385359764099121e-03,-4.491220694035291672e-03,-1.146344188600778580e-02,-1.146344188600778580e-02,-1.146344188600778580e-02,-1.146344188600778580e-02,-1.146344188600778580e-02
-3.365648537874221802e-02,-3.365648537874221802e-02,-3.365648537874221802e-02,-3.365648537874221802e-02,-3.365648537874221802e-02,-1.302455458790063858e-02,9.631193242967128754e-03,2.724580280482769012e-02,4.460151121020317078e-02,5.228215456008911133e-02,4.143645614385604858e-02,2.450826391577720642e-02,1.480475626885890961e-02,1.007770001888275146e-02,7.075689267367124557e-03,5.391368176788091660e-03,2.305042697116732597e-03,-9.745647548697888851e-04,-9.745647548697888851e-04,-9.745647548697888851e-04,-9.745647548697888851e-04,-9.745647548697888851e-04
-6.460400670766830444e-02,-6.460400670766830444e-02,-6.460400670766830444e-02,-6.460400670766830444e-02,-6.460400670766830444e-02,-5.750988423824310303e-02,-4.226570576429367065e-02,-2.746973931789398193e-02,-7.849219255149364471e-03,1.337543874979019165e-02,2.271263115108013153e-02,2.385825291275978088e-02,2.748739346861839294e-02,3.042153827846050262e-02,3.329509496688842773e-02,3.891803696751594543e-02,4.027960821986198425e-02,3.765472397208213806e-02,3.765472397208213806e-02,3.765472397208213806e-02,3.765472397208213806e-02,3.765472397208213806e-02
-6.467811763286590576e-02,-6.467811763286590576e-02,-6.467811763286590576e-02,-6.467811763286590576e-02,-6.467811763286590576e-02,-5.150953680276870728e-02,-2.757796831429004669e-02,-3.404690884053707123e-03,2.218614704906940460e-02,4.607431963086128235e-02,5.317517369985580444e-02,4.772348329424858093e-02,4.029648005962371826e-02,3.315460681915283203e-02,2.616891823709011078e-02,2.303827553987503052e-02,1.840112917125225067e-02,1.147768460214138031e-02,1.147768460214138031e-02,1.147768460214138031e-02,1.147768460214138031e-02,1.147768460214138031e-02
-5.044822022318840027e-02,-5.044822022318840027e-02,-5.044822022318840027e-02,-5.044822022318840027e-02,-5.044822022318840027e-02,-3.246676549315452576e-02,-9.212733246386051178e-03,1.227076258510351181e-02,3.416278585791587830e-02,4.909561201930046082e-02,4.451788961887359619e-02,3.127757087349891663e-02,2.420968934893608093e-02,2.103194408118724823e-02,1.836974546313285828e-02,1.797187514603137970e-02,1.586000435054302216e-02,1.222530379891395569e-02,1.222530379891395569e-02,1.222530379891395569e-02,1.222530379891395569e-02,1.222530379891395569e-02
-6.273584812879562378e-02,-6.273584812879562378e-02,-6.273584812879562378e-02,-6.273584812879562378e-02,-6.273584812879562378e-02,-4.431323334574699402e-02,-1.849756017327308655e-02,6.292544770985841751e-03,3.272610530257225037e-02,5.106479302048683167e-02,4.910484328866004944e-02,3.819578140974044800e-02,3.182987868785858154e-02,2.892666868865489960e-02,2.475579269230365753e-02,2.445265837013721466e-02,2.390301413834095001e-02,2.135692164301872253e-02,2.135692164301872253e-02,2.135692164301872253e-02,2.135692164301872253e-02,2.135692164301872253e-02
-3.620316833257675171e-02,-3.620316833257675171e-02,-3.620316833257675171e-02,-3.620316833257675171e-02,-3.620316833257675171e-02,-1.457595545798540115e-02,6.638981867581605911e-03,2.247546799480915070e-02,3.818145766854286194e-02,4.670065268874168396e-02,3.996959328651428223e-02,2.697082050144672394e-02,1.997729204595088959e-02,1.637787558138370514e-02,1.288036443293094635e-02,1.016485597938299179e-02,7.452266290783882141e-03,4.609045572578907013e-03,4.609045572578907013e-03,4.609045572578907013e-03,4.609045572578907013e-03,4.609045572578907013e-03
-5.785852298140525818e-02,-5.785852298140525818e-02,-5.785852298140525818e-02,-5.785852298140525818e-02,-5.785852298140525818e-02,-4.494244232773780823e-02,-2.598937600851058960e-02,-8.403625339269638062e-03,1.137905940413475037e-02,2.985317073762416840e-02,3.452078998088836670e-02,3.022406250238418579e-02,2.785766310989856720e-02,2.602431923151016235e-02,2.501920051872730255e-02,2.842300385236740112e-02,3.026375733315944672e-02,2.876568213105201721e-02,2.876568213105201721e-02,2.876568213105201721e-02,2.876568213105201721e-02,2.876568213105201721e-02
-4.484330862760543823e-02,-4.484330862760543823e-02,-4.484330862760543823e-02,-4.484330862760543823e-02,-4.484330862760543823e-02,-2.846247702836990356e-02,-7.947171106934547424e-03,1.080438122153282166e-02,3.040080331265926361e-02,4.755262657999992371e-02,4.794592037796974182e-02,3.823919221758842468e-02,2.938230149447917938e-02,2.261191979050636292e-02,1.572645455598831177e-02,1.160906814038753510e-02,8.447196334600448608e-03,4.787840414792299271e-03,4.787840414792299271e-03,4.787840414792299271e-03,4.787840414792299271e-03,4.787840414792299271e-03
-3.676760941743850708e-02,-3.676760941743850708e-02,-3.676760941743850708e-02,-3.676760941743850708e-02,-3.676760941743850708e-02,-1.938528008759021759e-02,-7.812629337422549725e-04,1.427022274583578110e-02,2.858301252126693726e-02,3.771035373210906982e-02,3.095600195229053497e-02,1.868633367121219635e-02,1.142386998981237411e-02,8.350824005901813507e-03,8.595910854637622833e-03,1.041027251631021500e-02,1.183813530951738358e-02,1.133416499942541122e-02,1.133416499942541122e-02,1.133416499942541122e-02,1.133416499942541122e-02,1.133416499942541122e-02
0.000000000000000000e+00,0.000000000000000000e+00,0.000000000000000000e+00,0.000000000000000000e+00,0.000000000000000000e+00,0.000000000000000000e+00,0.000000000000000000e+00,0.000000000000000000e+00,0.000000000000000000e+00,0.000000000000000000e+00,0.000000000000000000e+00,0.000000000000000000e+00,0.000000000000000000e+00,0.000000000000000000e+00,0.000000000000000000e+00,0.000000000000000000e+00,0.000000000000000000e+00,0.000000000000000000e+00,0.000000000000000000e+00,0.000000000000000000e+00,0.000000000000000000e+00,0.000000000000000000e+00
-3.743857833595425717e-17,-3.743857833595425717e-17,-3.743857833595425717e-17,-3.743857833595425717e-17,1.387778780781445676e-17,1.387778780781445676e-17,1.387778780781445676e-17,1.387778780781445676e-17,1.387778780781445676e-17,-4.936890327371656895e-04,-3.906362690031528473e-03,-6.131783127784729004e-03,-4.775823093950748444e-03,1.567419269122183323e-03,7.265148684382438660e-03,9.571542963385581970e-03,8.486601524055004120e-03,4.010323900729417801e-03,4.010323900729417801e-03,4.010323900729417801e-03,4.010323900729417801e-03,4.010323900729417801e-03
-1.155666541308164597e-02,-1.155666541308164597e-02,-1.155666541308164597e-02,-1.155666541308164597e-02,-1.155666541308164597e-02,1.234978437423706055e-02,3.582467511296272278e-02,4.556564614176750183e-02,3.559795022010803223e-02,1.883115619421005249e-02,5.151872988790273666e-03,-4.490474748308770359e-05,-2.088510198518633842e-03,1.816155039705336094e-03,3.199185710400342941e-03,-4.244375508278608322e-03,-8.942181244492530823e-03,-1.044159010052680969e-02,-1.044159010052680969e-02,-1.044159010052680969e-02,-1.044159010052680969e-02,-1.044159010052680969e-02
2.229366451501846313e-02,2.229366451501846313e-02,2.229366451501846313e-02,2.229366451501846313e-02,2.229366451501846313e-02,4.682945460081100464e-02,5.534178391098976135e-02,4.461846500635147095e-02,1.322648301720619202e-02,-1.383918710052967072e-02,-2.563743293285369873e-02,-2.137721143662929535e-02,-1.464744843542575836e-02,-7.876769639551639557e-03,-6.102123297750949860e-03,-8.620046079158782959e-03,-7.575174327939748764e-03,-4.158545285463333130e-03,-4.158545285463333130e-03,-4.158545285463333130e-03,-4.158545285463333130e-03,-4.158545285463333130e-03
2.214188314974308014e-02,2.214188314974308014e-02,2.214188314974308014e-02,2.214188314974308014e-02,2.214188314974308014e-02,3.536571934819221497e-02,3.592899814248085022e-02,2.479663118720054626e-02,2.865126589313149452e-03,-1.394503377377986908e-02,-1.886176876723766327e-02,-1.185375731438398361e-02,-6.012355908751487732e-03,-1.427234383299946785e-03,-1.537802396342158318e-03,-3.111500991508364677e-03,-2.082386985421180725e-03,-1.821792102418839931e-03,-1.821792102418839931e-03,-1.821792102418839931e-03,-1.821792102418839931e-03,-1.821792102418839931e-03
1.216697273775935173e-03,1.216697273775935173e-03,1.216697273775935173e-03,1.216697273775935173e-03,1.216697273775935173e-03,1.381768193095922470e-02,2.464232780039310455e-02,2.737326361238956451e-02,1.952664926648139954e-02,9.005693718791007996e-03,3.304471028968691826e-03,2.590515650808811188e-03,1.462356885895133018e-03,3.713970538228750229e-03,5.138151347637176514e-03,2.885705791413784027e-03,1.929947058670222759e-03,6.896605918882414699e-05,6.896605918882414699e-05,6.896605918882414699e-05,6.896605918882414699e-05,6.896605918882414699e-05
1.770515344105660915e-03,1.770515344105660915e-03,1.770515344105660915e-03,1.770515344105660915e-03,1.770515344105660915e-03,2.225039526820182800e-02,3.906158357858657837e-02,4.183669015765190125e-02,2.796551398932933807e-02,7.206214126199483871e-03,-8.076659403741359711e-03,-1.116539351642131805e-02,-8.573131635785102844e-03,-3.333015134558081627e-03,-1.248628133907914162e-03,-5.180185195058584213e-03,-6.927769165486097336e-03,-6.485925521701574326e-03,-6.485925521701574326e-03,-6.485925521701574326e-03,-6.485925521701574326e-03,-6.485925521701574326e-03
1.603499986231327057e-02,1.603499986231327057e-02,1.603499986231327057e-02,1.603499986231327057e-02,1.603499986231327057e-02,3.203859552741050720e-02,3.949665650725364685e-02,3.268501162528991699e-02,1.232997979968786240e-02,-8.090089075267314911e-03,-1.501922775059938431e-02,-9.020151570439338684e-03,-5.067552905529737473e-03,-4.544268304016441107e-04,7.446483359672129154e-04,-1.958334818482398987e-03,-2.501492854207754135e-03,-2.944620326161384583e-03,-2.944620326161384583e-03,-2.944620326161384583e-03,-2.944620326161384583e-03,-2.944620326161384583e-03
1.532386243343353271e-02,1.532386243343353271e-02,1.532386243343353271e-02,1.532386243343353271e-02,1.532386243343353271e-02,3.070261329412460327e-02,4.114454612135887146e-02,3.865265101194381714e-02,1.869784854352474213e-02,-2.587506314739584923e-03,-1.220949273556470871e-02,-1.034117117524147034e-02,-7.251834031194448471e-03,-1.614864333532750607e-03,2.030859235674142838e-03,1.901868090499192476e-04,-9.445410105399787426e-04,-2.480181865394115448e-03,-2.480181865394115448e-03,-2.480181865394115448e-03,-2.480181865394115448e-03,-2.480181865394115448e-03
2.395358867943286896e-02,2.395358867943286896e-02,2.395358867943286896e-02,2.395358867943286896e-02,2.395358867943286896e-02,3.106814995408058167e-02,3.046503104269504547e-02,2.268794365227222443e-02,4.648046102374792099e-03,-1.037271972745656967e-02,-1.435400824993848801e-02,-7.118192501366138458e-03,-3.746652975678443909e-03,-2.235854277387261391e-03,-2.606512978672981262e-03,-4.298546351492404938e-03,-3.218490397557616234e-03,-1.412673853337764740e-03,-1.412673853337764740e-03,-1.412673853337764740e-03,-1.412673853337764740e-03,-1.412673853337764740e-03
6.712452508509159088e-03,6.712452508509159088e-03,6.712452508509159088e-03,6.712452508509159088e-03,6.712452508509159088e-03,1.702631823718547821e-02,2.804533392190933228e-02,3.092264011502265930e-02,2.024611271917819977e-02,5.064376164227724075e-03,-4.408517386764287949e-03,-5.462294910103082657e-03,-5.792181473225355148e-03,-4.002596251666545868e-04,4.544083494693040848e-03,3.679850604385137558e-03,2.043880522251129150e-03,-2.336280158488079906e-04,-2.336280158488079906e-04,-2.336280158488079906e-04,-2.336280158488079906e-04,-2.336280158488079906e-04
1.155829709023237228e-02,1.155829709023237228e-02,1.155829709023237228e-02,1.155829709023237228e-02,1.155829709023237228e-02,2.345262654125690460e-02,3.178659081459045410e-02,2.999593131244182587e-02,1.738578081130981445e-02,6.379859987646341324e-04,-9.487640112638473511e-03,-1.003443263471126556e-02,-9.523391723632812500e-03,-6.138659082353115082e-03,-4.337506834417581558e-03,-5.191375501453876495e-03,-2.233355538919568062e-03,-6.502242176793515682e-04,-6.502242176793515682e-04,-6.502242176793515682e-04,-6.502242176793515682e-04,-6.502242176793515682e-04
1.537173613905906677e-02,1.537173613905906677e-02,1.537173613905906677e-02,1.537173613905906677e-02,1.537173613905906677e-02,2.679420448839664459e-02,3.038971312344074249e-02,2.341217920184135437e-02,5.857553333044052124e-03,-1.014896575361490250e-02,-1.449472829699516296e-02,-9.603492915630340576e-03,-4.784668330103158951e-03,1.248516957275569439e-03,2.821833593770861626e-03,9.598684264346957207e-04,1.223220373503863811e-03,1.161081483587622643e-03,1.161081483587622643e-03,1.161081483587622643e-03,1.161081483587622643e-03,1.161081483587622643e-03
