0.000000000000000000e+00,0.000000000000000000e+00,0.000000000000000000e+00,0.000000000000000000e+00,0.000000000000000000e+00,0.000000000000000000e+00,0.000000000000000000e+00,0.000000000000000000e+00,0.000000000000000000e+00,0.000000000000000000e+00,0.000000000000000000e+00,0.000000000000000000e+00,0.000000000000000000e+00,0.000000000000000000e+00,0.000000000000000000e+00,0.000000000000000000e+00,0.000000000000000000e+00
1.000000000000000000e+00,1.000000000000000000e+00,1.000000000000000000e+00,1.000000000000000000e+00,1.000000000000000000e+00,1.000000000000000000e+00,1.000000000000000000e+00,1.000000000000000000e+00,1.000000000000000000e+00,1.000000000000000000e+00,1.000000000000000000e+00,1.000000000000000000e+00,1.000000000000000000e+00,1.000000000000000000e+00,1.000000000000000000e+00,1.000000000000000000e+00,1.000000000000000000e+00
9.247698783874511719e-01,8.269968032836914062e-01,6.120024919509887695e-01,5.185979008674621582e-01,5.219722986221313477e-01,5.420649051666259766e-01,5.631743669509887695e-01,6.121740937232971191e-01,6.448714137077331543e-01,6.872667670249938965e-01,7.466547489166259766e-01,7.825115919113159180e-01,8.079795241355895996e-01,8.770603537559509277e-01,9.399293661117553711e-01,9.427523016929626465e-01,9.439550042152404785e-01
8.541854619979858398e-01,7.755767703056335449e-01,6.764146089553833008e-01,6.835983395576477051e-01,7.267606854438781738e-01,7.430262565612792969e-01,7.489166855812072754e-01,7.595226764678955078e-01,7.448577284812927246e-01,7.506473660469055176e-01,7.854475378990173340e-01,8.011305928230285645e-01,8.215897679328918457e-01,8.571819067001342773e-01,8.881923556327819824e-01,8.840188384056091309e-01,8.851104974746704102e-01
8.135541677474975586e-01,7.406635880470275879e-01,6.301936507225036621e-01,6.001304984092712402e-01,6.212791800498962402e-01,6.286413669586181641e-01,6.415940523147583008e-01,6.658551692962646484e-01,6.839020848274230957e-01,6.930512785911560059e-01,7.172270417213439941e-01,7.259971499443054199e-01,7.522841691970825195e-01,8.081323504447937012e-01,8.474580645561218262e-01,8.430776000022888184e-01,8.447986841201782227e-01
7.946177721023559570e-01,6.496960520744323730e-01,4.468484520912170410e-01,3.803017139434814453e-01,3.909652829170227051e-01,4.074872434139251709e-01,4.284057915210723877e-01,4.606967568397521973e-01,4.943099915981292725e-01,5.297729372978210449e-01,5.655199289321899414e-01,5.937953591346740723e-01,6.376861929893493652e-01,7.236016988754272461e-01,8.137257099151611328e-01,8.191576600074768066e-01,8.250224590301513672e-01
7.806041836738586426e-01,6.165433526039123535e-01,4.605990350246429443e-01,4.365068376064300537e-01,4.819091260433197021e-01,5.042278170585632324e-01,5.119577646255493164e-01,5.173909664154052734e-01,5.280113816261291504e-01,5.497698187828063965e-01,5.847630500793457031e-01,6.143482923507690430e-01,6.540606021881103516e-01,7.182788848876953125e-01,7.959986329078674316e-01,8.054234981536865234e-01,8.175765872001647949e-01
7.695974111557006836e-01,6.592974662780761719e-01,5.449336767196655273e-01,5.264345407485961914e-01,5.690297484397888184e-01,5.748305916786193848e-01,5.841470360755920410e-01,6.017487049102783203e-01,6.229124665260314941e-01,6.362884044647216797e-01,6.673421859741210938e-01,6.742576360702514648e-01,6.958432197570800781e-01,7.494522929191589355e-01,7.905141711235046387e-01,8.006002306938171387e-01,8.171212077140808105e-01
7.701692581176757812e-01,6.791970729827880859e-01,5.493309497833251953e-01,5.231077671051025391e-01,5.419088006019592285e-01,5.345741510391235352e-01,5.560051798820495605e-01,5.919625163078308105e-01,6.045320630073547363e-01,6.269143819808959961e-01,6.548441648483276367e-01,6.490736603736877441e-01,6.684945225715637207e-01,7.283200025558471680e-01,7.864498496055603027e-01,8.052319288253784180e-01,8.227028250694274902e-01
7.834237217903137207e-01,6.813690662384033203e-01,5.397455096244812012e-01,4.980937540531158447e-01,5.141280889511108398e-01,5.129835009574890137e-01,5.230880379676818848e-01,5.466306805610656738e-01,5.493333935737609863e-01,5.724695920944213867e-01,6.080722808837890625e-01,6.177966594696044922e-01,6.480020880699157715e-01,7.118222117424011230e-01,7.903555035591125488e-01,8.144545555114746094e-01,8.310744166374206543e-01
7.980020046234130859e-01,7.068366408348083496e-01,5.911923050880432129e-01,5.659211277961730957e-01,5.929061770439147949e-01,6.129614114761352539e-01,6.100281476974487305e-01,6.118279695510864258e-01,6.198654770851135254e-01,6.387335658073425293e-01,6.718105077743530273e-01,6.866538524627685547e-01,7.095977067947387695e-01,7.587546706199645996e-01,8.040722608566284180e-01,8.204462528228759766e-01,8.352581858634948730e-01
8.023213148117065430e-01,7.122350335121154785e-01,6.187146902084350586e-01,6.156328916549682617e-01,6.521384716033935547e-01,6.736388206481933594e-01,6.846947073936462402e-01,6.912401914596557617e-01,7.008243203163146973e-01,7.178817987442016602e-01,7.338542938232421875e-01,7.380722165107727051e-01,7.454369664192199707e-01,7.804625630378723145e-01,8.087139725685119629e-01,8.201073408126831055e-01,8.315010070800781250e-01
7.962752580642700195e-01,6.920284032821655273e-01,5.690428018569946289e-01,5.386121273040771484e-01,5.566569566726684570e-01,5.550208091735839844e-01,5.693729519844055176e-01,5.933882594108581543e-01,6.177315711975097656e-01,6.366010308265686035e-01,6.590464115142822266e-01,6.817580461502075195e-01,6.992696523666381836e-01,7.464623451232910156e-01,8.008989691734313965e-01,8.168183565139770508e-01,8.242016434669494629e-01
0.000000000000000000e+00,0.000000000000000000e+00,0.000000000000000000e+00,0.000000000000000000e+00,-0.000000000000000000e+00,-0.000000000000000000e+00,-0.000000000000000000e+00,-0.000000000000000000e+00,-0.000000000000000000e+00,-0.000000000000000000e+00,-0.000000000000000000e+00,-0.000000000000000000e+00,-0.000000000000000000e+00,0.000000000000000000e+00,0.000000000000000000e+00,0.000000000000000000e+00,0.000000000000000000e+00
-3.109246522005967991e-17,-3.109246522005967991e-17,-3.109246522005967991e-17,-3.109246522005967991e-17,-3.469446951953614189e-18,-3.469446951953614189e-18,-3.469446951953614189e-18,-3.469446951953614189e-18,-3.469446951953614189e-18,-3.469446951953614189e-18,-3.469446951953614189e-18,-3.469446951953614189e-18,-3.469446951953614189e-18,-3.109246522005967991e-17,-3.109246522005967991e-17,-3.109246522005967991e-17,-3.109246522005967991e-17
-3.063752129673957825e-02,-3.063752129673957825e-02,-3.063752129673957825e-02,-3.063752129673957825e-02,-3.063752129673957825e-02,-3.865982173010706902e-03,2.267538383603096008e-02,3.503004834055900574e-02,3.845703974366188049e-02,4.194759204983711243e-02,4.538566246628761292e-02,4.413997754454612732e-02,4.073148220777511597e-02,4.073148220777511597e-02,4.073148220777511597e-02,4.073148220777511597e-02,4.073148220777511597e-02
-4.684018902480602264e-03,-4.684018902480602264e-03,-4.684018902480602264e-03,-4.684018902480602264e-03,-4.684018902480602264e-03,4.660273436456918716e-03,1.149948872625827789e-02,1.095621380954980850e-02,1.029692869633436203e-02,1.330745778977870941e-02,1.756712794303894043e-02,1.961999759078025818e-02,2.037777379155158997e-02,2.037777379155158997e-02,2.037777379155158997e-02,2.037777379155158997e-02,2.037777379155158997e-02
-1.152869872748851776e-02,-1.152869872748851776e-02,-1.152869872748851776e-02,-1.152869872748851776e-02,-1.152869872748851776e-02,2.040671417489647865e-03,1.315592508763074875e-02,1.604063436388969421e-02,1.657582260668277740e-02,2.006071992218494415e-02,2.366662770509719849e-02,2.441294863820075989e-02,2.393770962953567505e-02,2.393770962953567505e-02,2.393770962953567505e-02,2.393770962953567505e-02,2.393770962953567505e-02
-2.963214740157127380e-02,-2.963214740157127380e-02,-2.963214740157127380e-02,-2.963214740157127380e-02,-2.963214740157127380e-02,-2.317954087629914284e-03,1.971664093434810638e-02,2.813523449003696442e-02,3.148520737886428833e-02,3.716177120804786682e-02,4.467948898673057556e-02,4.753191024065017700e-02,4.695370048284530640e-02,4.695370048284530640e-02,4.695370048284530640e-02,4.695370048284530640e-02,4.695370048284530640e-02
-1.895649917423725128e-02,-1.895649917423725128e-02,-1.895649917423725128e-02,-1.895649917423725128e-02,-1.895649917423725128e-02,2.115996787324547768e-03,1.569687761366367340e-02,1.878442056477069855e-02,1.994927972555160522e-02,2.555298432707786560e-02,3.425840288400650024e-02,3.937346115708351135e-02,4.086039215326309204e-02,4.086039215326309204e-02,4.086039215326309204e-02,4.086039215326309204e-02,4.086039215326309204e-02
-1.054272148758172989e-02,-1.054272148758172989e-02,-1.054272148758172989e-02,-1.054272148758172989e-02,-1.054272148758172989e-02,5.127429030835628510e-03,1.589798554778099060e-02,1.746517978608608246e-02,1.677441783249378204e-02,2.038371562957763672e-02,2.420683391392230988e-02,2.588400058448314667e-02,2.652181871235370636e-02,2.652181871235370636e-02,2.652181871235370636e-02,2.652181871235370636e-02,2.652181871235370636e-02
-1.499062683433294296e-02,-1.499062683433294296e-02,-1.499062683433294296e-02,-1.499062683433294296e-02,-1.499062683433294296e-02,1.804640865884721279e-03,1.526845991611480713e-02,1.793128438293933868e-02,1.804118789732456207e-02,2.128309756517410278e-02,2.468225546181201935e-02,2.692154422402381897e-02,2.916822396218776703e-02,2.916822396218776703e-02,2.916822396218776703e-02,2.916822396218776703e-02,2.916822396218776703e-02
-2.265002764761447906e-02,-2.265002764761447906e-02,-2.265002764761447906e-02,-2.265002764761447906e-02,-2.265002764761447906e-02,-5.013340618461370468e-03,1.000820659101009369e-02,1.509769540280103683e-02,1.742904819548130035e-02,2.285279706120491028e-02,3.012181445956230164e-02,3.521661460399627686e-02,3.852518275380134583e-02,3.852518275380134583e-02,3.852518275380134583e-02,3.852518275380134583e-02,3.852518275380134583e-02
-1.521433610469102859e-02,-1.521433610469102859e-02,-1.521433610469102859e-02,-1.521433610469102859e-02,-1.521433610469102859e-02,-1.290952204726636410e-03,9.894921444356441498e-03,1.301709190011024475e-02,1.397189591079950333e-02,1.805797591805458069e-02,2.407235465943813324e-02,2.774871513247489929e-02,2.905555441975593567e-02,2.905555441975593567e-02,2.905555441975593567e-02,2.905555441975593567e-02,2.905555441975593567e-02
-4.650108981877565384e-03,-4.650108981877565384e-03,-4.650108981877565384e-03,-4.650108981877565384e-03,-4.650108981877565384e-03,7.544779684394598007e-03,1.470463629812002182e-02,1.399200595915317535e-02,1.152424886822700500e-02,1.227026246488094330e-02,1.455266494303941727e-02,1.626469567418098450e-02,1.702488400042057037e-02,1.702488400042057037e-02,1.702488400042057037e-02,1.702488400042057037e-02,1.702488400042057037e-02
-1.655043661594390869e-02,-1.655043661594390869e-02,-1.655043661594390869e-02,-1.655043661594390869e-02,-1.655043661594390869e-02,7.770846132189035416e-04,1.357496343553066254e-02,1.818785257637500763e-02,1.955370232462882996e-02,2.289184369146823883e-02,2.655932493507862091e-02,2.838614024221897125e-02,2.858236059546470642e-02,2.858236059546470642e-02,2.858236059546470642e-02,2.858236059546470642e-02,2.858236059546470642e-02
0.000000000000000000e+00,0.000000000000000000e+00,0.000000000000000000e+00,0.000000000000000000e+00,0.000000000000000000e+00,0.000000000000000000e+00,0.000000000000000000e+00,0.000000000000000000e+00,0.000000000000000000e+00,0.000000000000000000e+00,0.000000000000000000e+00,0.000000000000000000e+00,0.000000000000000000e+00,0.000000000000000000e+00,0.000000000000000000e+00,0.000000000000000000e+00,0.000000000000000000e+00
-3.743857833595425717e-17,-3.743857833595425717e-17,-3.743857833595425717e-17,-3.743857833595425717e-17,1.387778780781445676e-17,1.387778780781445676e-17,1.387778780781445676e-17,1.387778780781445676e-17,1.387778780781445676e-17,1.387778780781445676e-17,1.387778780781445676e-17,1.387778780781445676e-17,1.387778780781445676e-17,-3.743857833595425717e-17,-3.743857833595425717e-17,-3.743857833595425717e-17,-3.743857833595425717e-17
3.496108949184417725e-02,3.496108949184417725e-02,3.496108949184417725e-02,3.496108949184417725e-02,3.496108949184417725e-02,2.784097380936145782e-02,1.355661358684301376e-02,5.836670286953449249e-03,2.260023029521107674e-03,1.677097170613706112e-03,2.098292345181107521e-03,8.206295024137943983e-05,-4.259119741618633270e-03,-4.259119741618633270e-03,-4.259119741618633270e-03,-4.259119741618633270e-03,-4.259119741618633270e-03
1.153338328003883362e-02,1.153338328003883362e-02,1.153338328003883362e-02,1.153338328003883362e-02,1.153338328003883362e-02,2.578297862783074379e-03,-2.863101428374648094e-03,-8.141555590555071831e-04,2.852709032595157623e-03,4.948075395077466965e-03,5.487509071826934814e-03,2.696174895390868187e-03,-2.013968070968985558e-03,-2.013968070968985558e-03,-2.013968070968985558e-03,-2.013968070968985558e-03,-2.013968070968985558e-03
1.793376542627811432e-02,1.793376542627811432e-02,1.793376542627811432e-02,1.793376542627811432e-02,1.793376542627811432e-02,1.119724847376346588e-02,3.247358370572328568e-03,1.667507021920755506e-04,6.325180293060839176e-04,2.536303829401731491e-03,4.444843623787164688e-03,3.157004248350858688e-03,-1.879698247648775578e-04,-1.879698247648775578e-04,-1.879698247648775578e-04,-1.879698247648775578e-04,-1.879698247648775578e-04
3.387223929166793823e-02,3.387223929166793823e-02,3.387223929166793823e-02,3.387223929166793823e-02,3.387223929166793823e-02,2.339004352688789368e-02,9.323357604444026947e-03,3.402444999665021896e-03,2.458071801811456680e-03,4.512186162173748016e-03,7.798143196851015091e-03,5.702955182641744614e-03,4.337312711868435144e-04,4.337312711868435144e-04,4.337312711868435144e-04,4.337312711868435144e-04,4.337312711868435144e-04
2.417240291833877563e-02,2.417240291833877563e-02,2.417240291833877563e-02,2.417240291833877563e-02,2.417240291833877563e-02,1.074797753244638443e-02,1.056355657055974007e-03,9.337077499367296696e-04,4.678479861468076706e-03,7.415239233523607254e-03,9.373643435537815094e-03,6.094194017350673676e-03,8.243481279350817204e-04,8.243481279350817204e-04,8.243481279350817204e-04,8.243481279350817204e-04,8.243481279350817204e-04
1.879405230283737183e-02,1.879405230283737183e-02,1.879405230283737183e-02,1.879405230283737183e-02,1.879405230283737183e-02,9.362000972032546997e-03,1.866792794317007065e-03,6.503654003608971834e-05,1.392352278344333172e-03,2.536157146096229553e-03,3.837118856608867645e-03,3.061745548620820045e-03,1.290864194743335247e-03,1.290864194743335247e-03,1.290864194743335247e-03,1.290864194743335247e-03,1.290864194743335247e-03
2.105691842734813690e-02,2.105691842734813690e-02,2.105691842734813690e-02,2.105691842734813690e-02,2.105691842734813690e-02,1.379129663109779358e-02,5.030961707234382629e-03,7.317294366657733917e-04,-6.959211314097046852e-04,1.224270381499081850e-04,4.021267872303724289e-03,5.493964999914169312e-03,3.618325106799602509e-03,3.618325106799602509e-03,3.618325106799602509e-03,3.618325106799602509e-03,3.618325106799602509e-03
2.151440270245075226e-02,2.151440270245075226e-02,2.151440270245075226e-02,2.151440270245075226e-02,2.151440270245075226e-02,1.402791123837232590e-02,5.735817831009626389e-03,2.711972920224070549e-03,3.018292365595698357e-03,4.440441261976957321e-03,7.815874181687831879e-03,7.585880812257528305e-03,3.482473781332373619e-03,3.482473781332373619e-03,3.482473781332373619e-03,3.482473781332373619e-03,3.482473781332373619e-03
1.606504619121551514e-02,1.606504619121551514e-02,1.606504619121551514e-02,1.606504619121551514e-02,1.606504619121551514e-02,8.706202730536460876e-03,2.321441425010561943e-03,1.659751986153423786e-03,3.584092482924461365e-03,5.464098881930112839e-03,5.596078466624021530e-03,3.624068805947899818e-03,8.371431031264364719e-04,8.371431031264364719e-04,8.371431031264364719e-04,8.371431031264364719e-04,8.371431031264364719e-04
1.412281487137079239e-02,1.412281487137079239e-02,1.412281487137079239e-02,1.412281487137079239e-02,1.412281487137079239e-02,5.684240721166133881e-03,-1.112565631046891212e-03,-1.959090586751699448e-03,-6.620405474677681923e-04,1.177681377157568932e-03,2.422008430585265160e-03,2.139281947165727615e-03,1.313109183683991432e-03,1.313109183683991432e-03,1.313109183683991432e-03,1.313109183683991432e-03,1.313109183683991432e-03
2.112095803022384644e-02,2.112095803022384644e-02,2.112095803022384644e-02,2.112095803022384644e-02,2.112095803022384644e-02,1.344181131571531296e-02,4.994520917534828186e-03,2.378293545916676521e-03,1.583534176461398602e-03,1.479674829170107841e-03,3.501137951388955116e-03,3.517657984048128128e-03,1.305980491451919079e-03,1.305980491451919079e-03,1.305980491451919079e-03,1.305980491451919079e-03,1.305980491451919079e-03
