0.000000000000000000e+00,0.000000000000000000e+00,0.000000000000000000e+00,0.000000000000000000e+00,0.000000000000000000e+00,0.000000000000000000e+00,0.000000000000000000e+00,0.000000000000000000e+00,0.000000000000000000e+00,0.000000000000000000e+00,0.000000000000000000e+00,0.000000000000000000e+00,0.000000000000000000e+00,0.000000000000000000e+00
1.000000000000000000e+00,1.000000000000000000e+00,1.000000000000000000e+00,1.000000000000000000e+00,1.000000000000000000e+00,1.000000000000000000e+00,1.000000000000000000e+00,1.000000000000000000e+00,1.000000000000000000e+00,1.000000000000000000e+00,1.000000000000000000e+00,1.000000000000000000e+00,1.000000000000000000e+00,1.000000000000000000e+00
8.905649185180664062e-01,7.556788325309753418e-01,4.427874982357025146e-01,2.969810664653778076e-01,2.603567242622375488e-01,2.873722314834594727e-01,3.964266180992126465e-01,5.588839054107666016e-01,7.153781652450561523e-01,7.328247427940368652e-01,7.634661793708801270e-01,8.083329796791076660e-01,8.576331138610839844e-01,8.964692354202270508e-01
8.652387261390686035e-01,6.887264847755432129e-01,3.531345427036285400e-01,2.199819535017013550e-01,2.559210658073425293e-01,3.276440203189849854e-01,4.321095943450927734e-01,5.408850312232971191e-01,6.824351549148559570e-01,7.296721339225769043e-01,7.634029388427734375e-01,7.849459648132324219e-01,8.253593444824218750e-01,8.769254684448242188e-01
8.466621637344360352e-01,7.035714983940124512e-01,4.836601018905639648e-01,3.917359113693237305e-01,4.224768579006195068e-01,4.940038323402404785e-01,5.804147124290466309e-01,6.678975820541381836e-01,7.354092597961425781e-01,7.481539249420166016e-01,7.703117728233337402e-01,7.854168415069580078e-01,8.133285045623779297e-01,8.563788533210754395e-01
8.529507517814636230e-01,7.169262170791625977e-01,5.060772299766540527e-01,4.255741238594055176e-01,4.550500810146331787e-01,4.776743948459625244e-01,4.967201948165893555e-01,5.535587072372436523e-01,6.720519661903381348e-01,7.086113095283508301e-01,7.447959184646606445e-01,7.721443772315979004e-01,8.110617995262145996e-01,8.579268455505371094e-01
8.410475254058837891e-01,7.129933238029479980e-01,4.503908455371856689e-01,3.420465886592864990e-01,3.913767933845520020e-01,4.682927727699279785e-01,5.311001539230346680e-01,6.009916663169860840e-01,7.109748125076293945e-01,7.212852239608764648e-01,7.456068396568298340e-01,7.717238664627075195e-01,8.060178160667419434e-01,8.446444272994995117e-01
8.280400037765502930e-01,7.031619548797607422e-01,4.672765433788299561e-01,3.806351721286773682e-01,4.386771917343139648e-01,4.973933100700378418e-01,5.351309776306152344e-01,6.005937457084655762e-01,7.029599547386169434e-01,7.242962718009948730e-01,7.481656670570373535e-01,7.672173976898193359e-01,7.877370715141296387e-01,8.297138214111328125e-01
8.083584904670715332e-01,6.844377517700195312e-01,4.795019030570983887e-01,4.055890738964080811e-01,4.737476408481597900e-01,5.304284095764160156e-01,5.718733668327331543e-01,6.350740194320678711e-01,6.994894146919250488e-01,7.194833159446716309e-01,7.382438182830810547e-01,7.626984119415283203e-01,7.927811741828918457e-01,8.297122716903686523e-01
7.982934117317199707e-01,6.588892936706542969e-01,4.788464009761810303e-01,4.084976017475128174e-01,4.653486013412475586e-01,5.191123485565185547e-01,5.603374242782592773e-01,6.156252026557922363e-01,6.857133507728576660e-01,7.032940983772277832e-01,7.242736220359802246e-01,7.479645013809204102e-01,7.922649383544921875e-01,8.314217329025268555e-01
7.877662181854248047e-01,6.602511405944824219e-01,4.520345628261566162e-01,3.754518628120422363e-01,4.381564855575561523e-01,4.796676933765411377e-01,5.305237174034118652e-01,6.104207038879394531e-01,7.021875977516174316e-01,7.197049260139465332e-01,7.369540333747863770e-01,7.570636272430419922e-01,7.878239750862121582e-01,8.212672472000122070e-01
8.064354062080383301e-01,7.079727053642272949e-01,5.131893157958984375e-01,4.243658185005187988e-01,4.314121007919311523e-01,4.773971140384674072e-01,5.477933883666992188e-01,6.205959320068359375e-01,7.137025594711303711e-01,7.218915224075317383e-01,7.365782856941223145e-01,7.496928572654724121e-01,7.806043624877929688e-01,8.268311023712158203e-01
8.033061623573303223e-01,7.021983265876770020e-01,5.038956999778747559e-01,4.184483289718627930e-01,4.361473023891448975e-01,4.594101607799530029e-01,4.672066271305084229e-01,5.307608842849731445e-01,6.616967916488647461e-01,6.913328766822814941e-01,7.191656231880187988e-01,7.290311455726623535e-01,7.651467323303222656e-01,8.128222227096557617e-01
0.000000000000000000e+00,0.000000000000000000e+00,0.000000000000000000e+00,0.000000000000000000e+00,-0.000000000000000000e+00,-0.000000000000000000e+00,-0.000000000000000000e+00,-0.000000000000000000e+00,-0.000000000000000000e+00,-0.000000000000000000e+00,0.000000000000000000e+00,0.000000000000000000e+00,0.000000000000000000e+00,0.000000000000000000e+00
-3.109246522005967991e-17,-3.109246522005967991e-17,-3.109246522005967991e-17,-3.109246522005967991e-17,-3.469446951953614189e-18,-3.469446951953614189e-18,-3.469446951953614189e-18,-3.469446951953614189e-18,-3.469446951953614189e-18,-3.469446951953614189e-18,-3.109246522005967991e-17,-3.109246522005967991e-17,-3.109246522005967991e-17,-3.109246522005967991e-17
-2.322437241673469543e-02,-2.322437241673469543e-02,-2.322437241673469543e-02,-2.322437241673469543e-02,-2.322437241673469543e-02,2.310385368764400482e-02,6.286333501338958740e-02,7.940987497568130493e-02,8.100012689828872681e-02,7.278322428464889526e-02,7.278322428464889526e-02,7.278322428464889526e-02,7.278322428464889526e-02,7.278322428464889526e-02
-1.515210792422294617e-02,-1.515210792422294617e-02,-1.515210792422294617e-02,-1.515210792422294617e-02,-1.515210792422294617e-02,3.282798454165458679e-02,7.060688734054565430e-02,8.061139285564422607e-02,7.501721382141113281e-02,6.576608121395111084e-02,6.576608121395111084e-02,6.576608121395111084e-02,6.576608121395111084e-02,6.576608121395111084e-02
-4.270936828106641769e-03,-4.270936828106641769e-03,-4.270936828106641769e-03,-4.270936828106641769e-03,-4.270936828106641769e-03,2.739730663597583771e-02,5.026032030582427979e-02,5.469205230474472046e-02,4.829493537545204163e-02,4.030304029583930969e-02,4.030304029583930969e-02,4.030304029583930969e-02,4.030304029583930969e-02,4.030304029583930969e-02
-1.967185735702514648e-02,-1.967185735702514648e-02,-1.967185735702514648e-02,-1.967185735702514648e-02,-1.967185735702514648e-02,1.270506437867879868e-02,3.856457397341728210e-02,4.821207001805305481e-02,4.931101575493812561e-02,4.956583306193351746e-02,4.956583306193351746e-02,4.956583306193351746e-02,4.956583306193351746e-02,4.956583306193351746e-02
-9.477184154093265533e-03,-9.477184154093265533e-03,-9.477184154093265533e-03,-9.477184154093265533e-03,-9.477184154093265533e-03,2.454221621155738831e-02,5.150791257619857788e-02,5.778764560818672180e-02,5.196940526366233826e-02,4.510426893830299377e-02,4.510426893830299377e-02,4.510426893830299377e-02,4.510426893830299377e-02,4.510426893830299377e-02
-9.259296581149101257e-03,-9.259296581149101257e-03,-9.259296581149101257e-03,-9.259296581149101257e-03,-9.259296581149101257e-03,2.213264070451259613e-02,4.643842950463294983e-02,5.160715430974960327e-02,4.592472687363624573e-02,4.109255596995353699e-02,4.109255596995353699e-02,4.109255596995353699e-02,4.109255596995353699e-02,4.109255596995353699e-02
-4.566420800983905792e-03,-4.566420800983905792e-03,-4.566420800983905792e-03,-4.566420800983905792e-03,-4.566420800983905792e-03,2.262067422270774841e-02,4.221299290657043457e-02,4.546086117625236511e-02,3.983490541577339172e-02,3.589770197868347168e-02,3.589770197868347168e-02,3.589770197868347168e-02,3.589770197868347168e-02,3.589770197868347168e-02
-5.108595360070466995e-03,-5.108595360070466995e-03,-5.108595360070466995e-03,-5.108595360070466995e-03,-5.108595360070466995e-03,2.179106883704662323e-02,4.005567729473114014e-02,4.380636662244796753e-02,4.016271978616714478e-02,3.747098147869110107e-02,3.747098147869110107e-02,3.747098147869110107e-02,3.747098147869110107e-02,3.747098147869110107e-02
-3.843527520075440407e-03,-3.843527520075440407e-03,-3.843527520075440407e-03,-3.843527520075440407e-03,-3.843527520075440407e-03,2.584298513829708099e-02,4.718753695487976074e-02,5.124296620488166809e-02,4.588337615132331848e-02,4.110585525631904602e-02,4.110585525631904602e-02,4.110585525631904602e-02,4.110585525631904602e-02,4.110585525631904602e-02
-8.513704873621463776e-03,-8.513704873621463776e-03,-8.513704873621463776e-03,-8.513704873621463776e-03,-8.513704873621463776e-03,1.943427510559558868e-02,4.156521335244178772e-02,4.786174371838569641e-02,4.487536102533340454e-02,3.962064161896705627e-02,3.962064161896705627e-02,3.962064161896705627e-02,3.962064161896705627e-02,3.962064161896705627e-02
-1.855276897549629211e-02,-1.855276897549629211e-02,-1.855276897549629211e-02,-1.855276897549629211e-02,-1.855276897549629211e-02,1.142709888517856598e-02,3.670305013656616211e-02,4.582869634032249451e-02,4.648917913436889648e-02,4.602463170886039734e-02,4.602463170886039734e-02,4.602463170886039734e-02,4.602463170886039734e-02,4.602463170886039734e-02
0.000000000000000000e+00,0.000000000000000000e+00,0.000000000000000000e+00,0.000000000000000000e+00,0.000000000000000000e+00,0.000000000000000000e+00,0.000000000000000000e+00,0.000000000000000000e+00,0.000000000000000000e+00,0.000000000000000000e+00,0.000000000000000000e+00,0.000000000000000000e+00,0.000000000000000000e+00,0.000000000000000000e+00
-3.743857833595425717e-17,-3.743857833595425717e-17,-3.743857833595425717e-17,-3.743857833595425717e-17,1.387778780781445676e-17,1.387778780781445676e-17,1.387778780781445676e-17,1.387778780781445676e-17,1.387778780781445676e-17,1.387778780781445676e-17,-3.743857833595425717e-17,-3.743857833595425717e-17,-3.743857833595425717e-17,-3.743857833595425717e-17
6.994262337684631348e-02,6.994262337684631348e-02,6.994262337684631348e-02,6.994262337684631348e-02,6.994262337684631348e-02,5.633242055773735046e-02,2.351293899118900299e-02,-2.692242560442537069e-04,-1.422532647848129272e-02,-1.906624436378479004e-02,-1.906624436378479004e-02,-1.906624436378479004e-02,-1.906624436378479004e-02,-1.906624436378479004e-02
6.760202348232269287e-02,6.760202348232269287e-02,6.760202348232269287e-02,6.760202348232269287e-02,6.760202348232269287e-02,4.897794872522354126e-02,1.514413952827453613e-02,-6.385802756994962692e-03,-1.460669655352830887e-02,-1.569071412086486816e-02,-1.569071412086486816e-02,-1.569071412086486816e-02,-1.569071412086486816e-02,-1.569071412086486816e-02
4.735621809959411621e-02,4.735621809959411621e-02,4.735621809959411621e-02,4.735621809959411621e-02,4.735621809959411621e-02,2.981709130108356476e-02,5.339251365512609482e-03,-9.425159543752670288e-03,-1.304843649268150330e-02,-9.999856352806091309e-03,-9.999856352806091309e-03,-9.999856352806091309e-03,-9.999856352806091309e-03,-9.999856352806091309e-03
4.137416556477546692e-02,4.137416556477546692e-02,4.137416556477546692e-02,4.137416556477546692e-02,4.137416556477546692e-02,3.159157931804656982e-02,1.402935758233070374e-02,3.256392898038029671e-03,-1.364057301543653011e-03,-5.006398539990186691e-03,-5.006398539990186691e-03,-5.006398539990186691e-03,-5.006398539990186691e-03,-5.006398539990186691e-03
5.021490901708602905e-02,5.021490901708602905e-02,5.021490901708602905e-02,5.021490901708602905e-02,5.021490901708602905e-02,3.397638350725173950e-02,7.170144002884626389e-03,-7.591501343995332718e-03,-1.018331944942474365e-02,-8.760279975831508636e-03,-8.760279975831508636e-03,-8.760279975831508636e-03,-8.760279975831508636e-03,-8.760279975831508636e-03
4.388528317213058472e-02,4.388528317213058472e-02,4.388528317213058472e-02,4.388528317213058472e-02,4.388528317213058472e-02,2.988755330443382263e-02,7.067976985126733780e-03,-5.162695888429880142e-03,-7.915212772786617279e-03,-7.962064817547798157e-03,-7.962064817547798157e-03,-7.962064817547798157e-03,-7.962064817547798157e-03,-7.962064817547798157e-03
3.822093456983566284e-02,3.822093456983566284e-02,3.822093456983566284e-02,3.822093456983566284e-02,3.822093456983566284e-02,2.349198982119560242e-02,2.890653442591428757e-03,-6.748813204467296600e-03,-6.457805167883634567e-03,-5.144566763192415237e-03,-5.144566763192415237e-03,-5.144566763192415237e-03,-5.144566763192415237e-03,-5.144566763192415237e-03
3.697830811142921448e-02,3.697830811142921448e-02,3.697830811142921448e-02,3.697830811142921448e-02,3.697830811142921448e-02,2.225359529256820679e-02,3.818441648036241531e-03,-5.554814822971820831e-03,-5.043433979153633118e-03,-3.595686750486493111e-03,-3.595686750486493111e-03,-3.595686750486493111e-03,-3.595686750486493111e-03,-3.595686750486493111e-03
4.210558906197547913e-02,4.210558906197547913e-02,4.210558906197547913e-02,4.210558906197547913e-02,4.210558906197547913e-02,2.764161676168441772e-02,5.829109344631433487e-03,-6.110995542258024216e-03,-8.249215781688690186e-03,-8.971360512077808380e-03,-8.971360512077808380e-03,-8.971360512077808380e-03,-8.971360512077808380e-03,-8.971360512077808380e-03
4.202980548143386841e-02,4.202980548143386841e-02,4.202980548143386841e-02,4.202980548143386841e-02,4.202980548143386841e-02,3.045522049069404602e-02,9.165859781205654144e-03,-5.199314095079898834e-03,-1.048749033361673355e-02,-9.172598831355571747e-03,-9.172598831355571747e-03,-9.172598831355571747e-03,-9.172598831355571747e-03,-9.172598831355571747e-03
3.947064653038978577e-02,3.947064653038978577e-02,3.947064653038978577e-02,3.947064653038978577e-02,3.947064653038978577e-02,3.255222365260124207e-02,1.526924781501293182e-02,2.606267575174570084e-03,-3.344557713717222214e-03,-6.776351947337388992e-03,-6.776351947337388992e-03,-6.776351947337388992e-03,-6.776351947337388992e-03,-6.776351947337388992e-03
