0.000000000000000000e+00,0.000000000000000000e+00,0.000000000000000000e+00,0.000000000000000000e+00,0.000000000000000000e+00,0.000000000000000000e+00,0.000000000000000000e+00,0.000000000000000000e+00,0.000000000000000000e+00,0.000000000000000000e+00,0.000000000000000000e+00,0.000000000000000000e+00,0.000000000000000000e+00
1.000000000000000000e+00,1.000000000000000000e+00,1.000000000000000000e+00,1.000000000000000000e+00,1.000000000000000000e+00,1.000000000000000000e+00,1.000000000000000000e+00,1.000000000000000000e+00,1.000000000000000000e+00,1.000000000000000000e+00,1.000000000000000000e+00,1.000000000000000000e+00,1.000000000000000000e+00
8.388883471488952637e-01,4.618992507457733154e-01,2.455825805664062500e-01,1.622744202613830566e-01,1.606148481369018555e-01,2.394622266292572021e-01,4.080066680908203125e-01,5.926124453544616699e-01,6.971229314804077148e-01,7.624414563179016113e-01,8.096092343330383301e-01,8.459432721138000488e-01,8.814409375190734863e-01
7.232705950736999512e-01,4.389296472072601318e-01,3.544994294643402100e-01,3.893616199493408203e-01,4.344212710857391357e-01,4.514779448509216309e-01,4.984337091445922852e-01,5.723605155944824219e-01,6.330898404121398926e-01,6.870250701904296875e-01,7.399502396583557129e-01,7.820527553558349609e-01,8.237088322639465332e-01
6.973880529403686523e-01,4.577958285808563232e-01,3.377630114555358887e-01,3.090181350708007812e-01,3.407517969608306885e-01,3.953878581523895264e-01,5.148254036903381348e-01,6.156980991363525391e-01,6.612521409988403320e-01,6.972315311431884766e-01,7.369476556777954102e-01,7.824673652648925781e-01,8.299555182456970215e-01
7.183902859687805176e-01,3.953438103199005127e-01,2.483668923377990723e-01,2.471669614315032959e-01,2.877140939235687256e-01,3.146805763244628906e-01,4.051667153835296631e-01,5.540443062782287598e-01,6.257326006889343262e-01,6.727946996688842773e-01,7.135250568389892578e-01,7.728884816169738770e-01,8.371779918670654297e-01
7.364737987518310547e-01,4.862547516822814941e-01,3.989713788032531738e-01,3.963988125324249268e-01,4.041471779346466064e-01,4.186215996742248535e-01,4.923224151134490967e-01,5.658971667289733887e-01,6.114884018898010254e-01,6.518691182136535645e-01,6.985064148902893066e-01,7.597154378890991211e-01,8.251791596412658691e-01
7.364882826805114746e-01,5.391421318054199219e-01,4.389832317829132080e-01,4.294972717761993408e-01,4.372621774673461914e-01,4.586620628833770752e-01,5.325149297714233398e-01,6.094614267349243164e-01,6.364923119544982910e-01,6.613150835037231445e-01,7.046347856521606445e-01,7.585385441780090332e-01,8.130406141281127930e-01
7.249684333801269531e-01,4.788190424442291260e-01,3.731871843338012695e-01,4.000172913074493408e-01,4.385294020175933838e-01,4.497728943824768066e-01,4.905401766300201416e-01,5.873261094093322754e-01,6.286905407905578613e-01,6.703733801841735840e-01,7.074196338653564453e-01,7.576638460159301758e-01,8.107353448867797852e-01
7.163593173027038574e-01,4.712141156196594238e-01,3.733215630054473877e-01,3.561008274555206299e-01,3.814825117588043213e-01,4.273930788040161133e-01,5.131425261497497559e-01,5.728446841239929199e-01,6.178046464920043945e-01,6.824718117713928223e-01,7.193115949630737305e-01,7.625976204872131348e-01,8.164961934089660645e-01
7.254571318626403809e-01,4.999940991401672363e-01,4.122590124607086182e-01,4.209429919719696045e-01,4.519743323326110840e-01,4.826056361198425293e-01,5.457425713539123535e-01,6.089764833450317383e-01,6.505440473556518555e-01,6.994733214378356934e-01,7.393933534622192383e-01,7.765430808067321777e-01,8.231919407844543457e-01
7.438284754753112793e-01,5.223816633224487305e-01,4.237674474716186523e-01,4.276068806648254395e-01,4.387260079383850098e-01,4.609695374965667725e-01,5.388287305831909180e-01,6.226663589477539062e-01,6.659312248229980469e-01,6.913744211196899414e-01,7.296124100685119629e-01,7.748502492904663086e-01,8.200084567070007324e-01
7.447527647018432617e-01,5.167623162269592285e-01,3.992894589900970459e-01,3.789716958999633789e-01,3.827731013298034668e-01,4.173895716667175293e-01,5.055220127105712891e-01,5.824334025382995605e-01,6.358655691146850586e-01,6.742261648178100586e-01,7.049279808998107910e-01,7.575687170028686523e-01,8.107243776321411133e-01
0.000000000000000000e+00,0.000000000000000000e+00,0.000000000000000000e+00,0.000000000000000000e+00,-0.000000000000000000e+00,-0.000000000000000000e+00,-0.000000000000000000e+00,-0.000000000000000000e+00,-0.000000000000000000e+00,0.000000000000000000e+00,0.000000000000000000e+00,0.000000000000000000e+00,0.000000000000000000e+00
-3.109246522005967991e-17,-3.109246522005967991e-17,-3.109246522005967991e-17,-3.109246522005967991e-17,-3.469446951953614189e-18,-3.469446951953614189e-18,-3.469446951953614189e-18,-3.469446951953614189e-18,-3.469446951953614189e-18,-3.109246522005967991e-17,-3.109246522005967991e-17,-3.109246522005967991e-17,-3.109246522005967991e-17
3.785231616348028183e-03,3.785231616348028183e-03,3.785231616348028183e-03,3.785231616348028183e-03,3.785231616348028183e-03,6.108096241950988770e-02,9.137956798076629639e-02,1.002788916230201721e-01,9.459636360406875610e-02,9.459636360406875610e-02,9.459636360406875610e-02,9.459636360406875610e-02,9.459636360406875610e-02
6.492574699223041534e-03,6.492574699223041534e-03,6.492574699223041534e-03,6.492574699223041534e-03,6.492574699223041534e-03,3.763605281710624695e-02,4.921688884496688843e-02,5.155169591307640076e-02,5.244287103414535522e-02,5.244287103414535522e-02,5.244287103414535522e-02,5.244287103414535522e-02,5.244287103414535522e-02
1.282762829214334488e-02,1.282762829214334488e-02,1.282762829214334488e-02,1.282762829214334488e-02,1.282762829214334488e-02,4.526072740554809570e-02,6.037816032767295837e-02,6.387497484683990479e-02,6.073052063584327698e-02,6.073052063584327698e-02,6.073052063584327698e-02,6.073052063584327698e-02,6.073052063584327698e-02
8.109733462333679199e-03,8.109733462333679199e-03,8.109733462333679199e-03,8.109733462333679199e-03,8.109733462333679199e-03,4.955179989337921143e-02,6.754861027002334595e-02,7.195188850164413452e-02,7.179910689592361450e-02,7.179910689592361450e-02,7.179910689592361450e-02,7.179910689592361450e-02,7.179910689592361450e-02
-8.681580657139420509e-04,-8.681580657139420509e-04,-8.681580657139420509e-04,-8.681580657139420509e-04,-8.681580657139420509e-04,2.878634072840213776e-02,4.210848361253738403e-02,4.870008677244186401e-02,5.342915654182434082e-02,5.342915654182434082e-02,5.342915654182434082e-02,5.342915654182434082e-02,5.342915654182434082e-02
4.533698083832859993e-04,4.533698083832859993e-04,4.533698083832859993e-04,4.533698083832859993e-04,4.533698083832859993e-04,2.560666762292385101e-02,3.845532238483428955e-02,4.379277303814888000e-02,4.664727672934532166e-02,4.664727672934532166e-02,4.664727672934532166e-02,4.664727672934532166e-02,4.664727672934532166e-02
3.747853683307766914e-03,3.747853683307766914e-03,3.747853683307766914e-03,3.747853683307766914e-03,3.747853683307766914e-03,3.265593200922012329e-02,4.443122446537017822e-02,4.694347083568572998e-02,4.882171377539634705e-02,4.882171377539634705e-02,4.882171377539634705e-02,4.882171377539634705e-02,4.882171377539634705e-02
4.360119812190532684e-03,4.360119812190532684e-03,4.360119812190532684e-03,4.360119812190532684e-03,4.360119812190532684e-03,3.572712838649749756e-02,4.968614876270294189e-02,5.423823371529579163e-02,5.446055904030799866e-02,5.446055904030799866e-02,5.446055904030799866e-02,5.446055904030799866e-02,5.446055904030799866e-02
5.932076368480920792e-03,5.932076368480920792e-03,5.932076368480920792e-03,5.932076368480920792e-03,5.932076368480920792e-03,3.304345533251762390e-02,4.446064308285713196e-02,4.705323651432991028e-02,4.740801826119422913e-02,4.740801826119422913e-02,4.740801826119422913e-02,4.740801826119422913e-02,4.740801826119422913e-02
4.212505184113979340e-03,4.212505184113979340e-03,4.212505184113979340e-03,4.212505184113979340e-03,4.212505184113979340e-03,3.154473379254341125e-02,4.384649544954299927e-02,4.749241471290588379e-02,4.861745610833168030e-02,4.861745610833168030e-02,4.861745610833168030e-02,4.861745610833168030e-02,4.861745610833168030e-02
2.057910023722797632e-04,2.057910023722797632e-04,2.057910023722797632e-04,2.057910023722797632e-04,2.057910023722797632e-04,3.115426748991012573e-02,4.632576927542686462e-02,5.208115652203559875e-02,5.371578782796859741e-02,5.371578782796859741e-02,5.371578782796859741e-02,5.371578782796859741e-02,5.371578782796859741e-02
0.000000000000000000e+00,0.000000000000000000e+00,0.000000000000000000e+00,0.000000000000000000e+00,0.000000000000000000e+00,0.000000000000000000e+00,0.000000000000000000e+00,0.000000000000000000e+00,0.000000000000000000e+00,0.000000000000000000e+00,0.000000000000000000e+00,0.000000000000000000e+00,0.000000000000000000e+00
-3.743857833595425717e-17,-3.743857833595425717e-17,-3.743857833595425717e-17,-3.743857833595425717e-17,1.387778780781445676e-17,1.387778780781445676e-17,1.387778780781445676e-17,1.387778780781445676e-17,1.387778780781445676e-17,-3.743857833595425717e-17,-3.743857833595425717e-17,-3.743857833595425717e-17,-3.743857833595425717e-17
7.601594179868698120e-02,7.601594179868698120e-02,7.601594179868698120e-02,7.601594179868698120e-02,7.601594179868698120e-02,4.412461817264556885e-02,1.482917089015245438e-02,-7.863674312829971313e-03,-2.152359671890735626e-02,-2.152359671890735626e-02,-2.152359671890735626e-02,-2.152359671890735626e-02,-2.152359671890735626e-02
3.301073610782623291e-02,3.301073610782623291e-02,3.301073610782623291e-02,3.301073610782623291e-02,3.301073610782623291e-02,1.267962437123060226e-02,4.903204739093780518e-03,2.660321071743965149e-03,-2.512241480872035027e-04,-2.512241480872035027e-04,-2.512241480872035027e-04,-2.512241480872035027e-04,-2.512241480872035027e-04
4.317259415984153748e-02,4.317259415984153748e-02,4.317259415984153748e-02,4.317259415984153748e-02,4.317259415984153748e-02,2.052721381187438965e-02,3.538193646818399429e-03,-6.369578186422586441e-03,-9.814371354877948761e-03,-9.814371354877948761e-03,-9.814371354877948761e-03,-9.814371354877948761e-03,-9.814371354877948761e-03
5.140086263418197632e-02,5.140086263418197632e-02,5.140086263418197632e-02,5.140086263418197632e-02,5.140086263418197632e-02,2.498766034841537476e-02,6.912284065037965775e-03,-2.025433350354433060e-03,-6.949107162654399872e-03,-6.949107162654399872e-03,-6.949107162654399872e-03,-6.949107162654399872e-03,-6.949107162654399872e-03
3.471723943948745728e-02,3.471723943948745728e-02,3.471723943948745728e-02,3.471723943948745728e-02,3.471723943948745728e-02,1.651494391262531281e-02,7.270350120961666107e-03,3.123638918623328209e-03,4.568640433717519045e-04,4.568640433717519045e-04,4.568640433717519045e-04,4.568640433717519045e-04,4.568640433717519045e-04
3.218126296997070312e-02,3.218126296997070312e-02,3.218126296997070312e-02,3.218126296997070312e-02,3.218126296997070312e-02,1.551950071007013321e-02,4.888651892542839050e-03,5.110665806569159031e-04,-1.518100034445524216e-03,-1.518100034445524216e-03,-1.518100034445524216e-03,-1.518100034445524216e-03,-1.518100034445524216e-03
3.298404067754745483e-02,3.298404067754745483e-02,3.298404067754745483e-02,3.298404067754745483e-02,3.298404067754745483e-02,1.407390460371971130e-02,3.832206595689058304e-03,1.519698067568242550e-03,-2.314080629730597138e-04,-2.314080629730597138e-04,-2.314080629730597138e-04,-2.314080629730597138e-04,-2.314080629730597138e-04
3.598321229219436646e-02,3.598321229219436646e-02,3.598321229219436646e-02,3.598321229219436646e-02,3.598321229219436646e-02,1.743081770837306976e-02,5.633219145238399506e-03,-1.153245568275451660e-03,-3.642354393377900124e-03,-3.642354393377900124e-03,-3.642354393377900124e-03,-3.642354393377900124e-03,-3.642354393377900124e-03
3.079437464475631714e-02,3.079437464475631714e-02,3.079437464475631714e-02,3.079437464475631714e-02,3.079437464475631714e-02,1.335942279547452927e-02,3.890229389071464539e-03,-2.247835654998198152e-04,-2.201121998950839043e-03,-2.201121998950839043e-03,-2.201121998950839043e-03,-2.201121998950839043e-03,-2.201121998950839043e-03
3.443185985088348389e-02,3.443185985088348389e-02,3.443185985088348389e-02,3.443185985088348389e-02,3.443185985088348389e-02,1.595899090170860291e-02,4.527840763330459595e-03,-6.619686610065400600e-04,-4.133210517466068268e-03,-4.133210517466068268e-03,-4.133210517466068268e-03,-4.133210517466068268e-03,-4.133210517466068268e-03
3.878698870539665222e-02,3.878698870539665222e-02,3.878698870539665222e-02,3.878698870539665222e-02,3.878698870539665222e-02,2.046258375048637390e-02,6.566954776644706726e-03,-7.535577751696109772e-04,-4.591962322592735291e-03,-4.591962322592735291e-03,-4.591962322592735291e-03,-4.591962322592735291e-03,-4.591962322592735291e-03
