0.000000000000000000e+00,0.000000000000000000e+00,0.000000000000000000e+00,0.000000000000000000e+00,0.000000000000000000e+00,0.000000000000000000e+00,0.000000000000000000e+00,0.000000000000000000e+00,0.000000000000000000e+00,0.000000000000000000e+00,0.000000000000000000e+00,0.000000000000000000e+00,0.000000000000000000e+00,0.000000000000000000e+00
1.000000000000000000e+00,1.000000000000000000e+00,1.000000000000000000e+00,1.000000000000000000e+00,1.000000000000000000e+00,1.000000000000000000e+00,1.000000000000000000e+00,1.000000000000000000e+00,1.000000000000000000e+00,1.000000000000000000e+00,1.000000000000000000e+00,1.000000000000000000e+00,1.000000000000000000e+00,1.000000000000000000e+00
9.348731040954589844e-01,8.721979260444641113e-01,6.278675198554992676e-01,3.732325732707977295e-01,2.674296498298645020e-01,3.023101091384887695e-01,3.844986557960510254e-01,4.939416944980621338e-01,6.417622566223144531e-01,7.263659238815307617e-01,7.537452578544616699e-01,7.938711047172546387e-01,8.471844196319580078e-01,8.818067312240600586e-01
8.849583864212036133e-01,7.821645140647888184e-01,4.790065288543701172e-01,3.473135530948638916e-01,3.261311948299407959e-01,3.805341124534606934e-01,4.165308177471160889e-01,4.705891013145446777e-01,5.702029466629028320e-01,6.521219015121459961e-01,6.839942336082458496e-01,7.362278699874877930e-01,7.751258015632629395e-01,8.087109327316284180e-01
8.690621256828308105e-01,7.614487409591674805e-01,4.825090169906616211e-01,3.472721576690673828e-01,3.095102310180664062e-01,3.789276182651519775e-01,4.346480667591094971e-01,4.938923120498657227e-01,5.959065556526184082e-01,6.581711173057556152e-01,6.728367209434509277e-01,7.135413289070129395e-01,7.523849010467529297e-01,7.889601588249206543e-01
8.672379255294799805e-01,7.655805349349975586e-01,5.192877650260925293e-01,3.259729146957397461e-01,2.636252641677856445e-01,3.131994009017944336e-01,3.519987463951110840e-01,4.081644415855407715e-01,5.386033058166503906e-01,6.100895404815673828e-01,6.147612929344177246e-01,6.483408808708190918e-01,7.192868590354919434e-01,7.813232541084289551e-01
8.577970862388610840e-01,7.556616067886352539e-01,5.715733766555786133e-01,4.439573287963867188e-01,4.055099487304687500e-01,4.459384083747863770e-01,4.582716524600982666e-01,4.773715436458587646e-01,5.425451993942260742e-01,5.995028614997863770e-01,6.098916530609130859e-01,6.436417102813720703e-01,7.039949297904968262e-01,7.729940414428710938e-01
8.432269692420959473e-01,7.385704517364501953e-01,5.739290714263916016e-01,4.444726109504699707e-01,4.043128788471221924e-01,4.695200622081756592e-01,5.222598910331726074e-01,5.628741979598999023e-01,6.111913919448852539e-01,6.397320032119750977e-01,6.542521119117736816e-01,6.839453577995300293e-01,7.162524461746215820e-01,7.713150382041931152e-01
8.371889591217041016e-01,7.352874875068664551e-01,5.381264686584472656e-01,3.986816406250000000e-01,3.737992346286773682e-01,4.326663017272949219e-01,4.694208800792694092e-01,5.225325226783752441e-01,6.085872650146484375e-01,6.446849107742309570e-01,6.531800031661987305e-01,6.784290075302124023e-01,7.245398163795471191e-01,7.760601043701171875e-01
8.417500853538513184e-01,7.464769482612609863e-01,5.469238758087158203e-01,4.365735352039337158e-01,4.050445854663848877e-01,4.411925673484802246e-01,4.641459584236145020e-01,5.136163830757141113e-01,5.864752531051635742e-01,6.436331868171691895e-01,6.480779051780700684e-01,6.754234433174133301e-01,7.329118847846984863e-01,7.827613949775695801e-01
8.470202684402465820e-01,7.569458484649658203e-01,5.881339311599731445e-01,4.631217122077941895e-01,4.189127385616302490e-01,4.514667391777038574e-01,4.968406856060028076e-01,5.439734458923339844e-01,6.084204316139221191e-01,6.705236434936523438e-01,6.832798123359680176e-01,7.123110294342041016e-01,7.481234073638916016e-01,7.858856916427612305e-01
8.459353446960449219e-01,7.574511766433715820e-01,6.047381758689880371e-01,4.740521311759948730e-01,4.364866614341735840e-01,4.608838260173797607e-01,4.823776185512542725e-01,5.148844718933105469e-01,5.997643470764160156e-01,6.655552387237548828e-01,6.870694160461425781e-01,7.140827775001525879e-01,7.446243166923522949e-01,7.769235968589782715e-01
8.406152129173278809e-01,7.527902126312255859e-01,5.744372606277465820e-01,4.386563301086425781e-01,3.900350630283355713e-01,4.161799848079681396e-01,4.423590600490570068e-01,4.866710603237152100e-01,5.691483616828918457e-01,6.350728273391723633e-01,6.513276696205139160e-01,6.800203323364257812e-01,7.267120480537414551e-01,7.597177028656005859e-01
0.000000000000000000e+00,0.000000000000000000e+00,0.000000000000000000e+00,0.000000000000000000e+00,-0.000000000000000000e+00,-0.000000000000000000e+00,-0.000000000000000000e+00,-0.000000000000000000e+00,-0.000000000000000000e+00,-0.000000000000000000e+00,0.000000000000000000e+00,0.000000000000000000e+00,0.000000000000000000e+00,0.000000000000000000e+00
-3.109246522005967991e-17,-3.109246522005967991e-17,-3.109246522005967991e-17,-3.109246522005967991e-17,-3.469446951953614189e-18,-3.469446951953614189e-18,-3.469446951953614189e-18,-3.469446951953614189e-18,-3.469446951953614189e-18,-3.469446951953614189e-18,-3.109246522005967991e-17,-3.109246522005967991e-17,-3.109246522005967991e-17,-3.109246522005967991e-17
-4.774787276983261108e-02,-4.774787276983261108e-02,-4.774787276983261108e-02,-4.774787276983261108e-02,-4.774787276983261108e-02,-3.052609274163842201e-03,4.172012954950332642e-02,7.078126817941665649e-02,7.941032201051712036e-02,7.363142818212509155e-02,7.363142818212509155e-02,7.363142818212509155e-02,7.363142818212509155e-02,7.363142818212509155e-02
-3.809131309390068054e-02,-3.809131309390068054e-02,-3.809131309390068054e-02,-3.809131309390068054e-02,-3.809131309390068054e-02,1.506158732809126377e-03,3.854290768504142761e-02,5.543490126729011536e-02,5.965865403413772583e-02,5.722601711750030518e-02,5.722601711750030518e-02,5.722601711750030518e-02,5.722601711750030518e-02,5.722601711750030518e-02
-3.265596553683280945e-02,-3.265596553683280945e-02,-3.265596553683280945e-02,-3.265596553683280945e-02,-3.265596553683280945e-02,5.757671315222978592e-03,3.969608247280120850e-02,5.458002910017967224e-02,5.693326517939567566e-02,5.182614922523498535e-02,5.182614922523498535e-02,5.182614922523498535e-02,5.182614922523498535e-02,5.182614922523498535e-02
-4.556897282600402832e-02,-4.556897282600402832e-02,-4.556897282600402832e-02,-4.556897282600402832e-02,-4.556897282600402832e-02,-5.187680479139089584e-03,3.131941705942153931e-02,5.205441266298294067e-02,5.925868451595306396e-02,5.884784460067749023e-02,5.884784460067749023e-02,5.884784460067749023e-02,5.884784460067749023e-02,5.884784460067749023e-02
-3.867500275373458862e-02,-3.867500275373458862e-02,-3.867500275373458862e-02,-3.867500275373458862e-02,-3.867500275373458862e-02,-9.868822991847991943e-03,1.542355585843324661e-02,3.005475178360939026e-02,3.687368705868721008e-02,4.075465351343154907e-02,4.075465351343154907e-02,4.075465351343154907e-02,4.075465351343154907e-02,4.075465351343154907e-02
-2.555869892239570618e-02,-2.555869892239570618e-02,-2.555869892239570618e-02,-2.555869892239570618e-02,-2.555869892239570618e-02,1.186389243230223656e-03,2.356969192624092102e-02,3.561773523688316345e-02,3.719794005155563354e-02,3.457267582416534424e-02,3.457267582416534424e-02,3.457267582416534424e-02,3.457267582416534424e-02,3.457267582416534424e-02
-2.760163694620132446e-02,-2.760163694620132446e-02,-2.760163694620132446e-02,-2.760163694620132446e-02,-2.760163694620132446e-02,3.204924752935767174e-03,2.929443679749965668e-02,4.200559109449386597e-02,4.383201897144317627e-02,4.158863052725791931e-02,4.158863052725791931e-02,4.158863052725791931e-02,4.158863052725791931e-02,4.158863052725791931e-02
-3.134363144636154175e-02,-3.134363144636154175e-02,-3.134363144636154175e-02,-3.134363144636154175e-02,-3.134363144636154175e-02,-1.325564109720289707e-03,2.435133792459964752e-02,3.686183691024780273e-02,4.186737537384033203e-02,4.262983053922653198e-02,4.262983053922653198e-02,4.262983053922653198e-02,4.262983053922653198e-02,4.262983053922653198e-02
-2.979263290762901306e-02,-2.979263290762901306e-02,-2.979263290762901306e-02,-2.979263290762901306e-02,-2.979263290762901306e-02,-7.532984018325805664e-04,2.457185648381710052e-02,3.899253532290458679e-02,4.331339895725250244e-02,4.171764105558395386e-02,4.171764105558395386e-02,4.171764105558395386e-02,4.171764105558395386e-02,4.171764105558395386e-02
-3.283789381384849548e-02,-3.283789381384849548e-02,-3.283789381384849548e-02,-3.283789381384849548e-02,-3.283789381384849548e-02,-4.249160178005695343e-03,2.140650525689125061e-02,3.731000795960426331e-02,4.253669828176498413e-02,4.227668046951293945e-02,4.227668046951293945e-02,4.227668046951293945e-02,4.227668046951293945e-02,4.227668046951293945e-02
-3.618096187710762024e-02,-3.618096187710762024e-02,-3.618096187710762024e-02,-3.618096187710762024e-02,-3.618096187710762024e-02,-5.639712791889905930e-03,2.209214679896831512e-02,3.856514766812324524e-02,4.507613182067871094e-02,4.493479430675506592e-02,4.493479430675506592e-02,4.493479430675506592e-02,4.493479430675506592e-02,4.493479430675506592e-02
0.000000000000000000e+00,0.000000000000000000e+00,0.000000000000000000e+00,0.000000000000000000e+00,0.000000000000000000e+00,0.000000000000000000e+00,0.000000000000000000e+00,0.000000000000000000e+00,0.000000000000000000e+00,0.000000000000000000e+00,0.000000000000000000e+00,0.000000000000000000e+00,0.000000000000000000e+00,0.000000000000000000e+00
-3.743857833595425717e-17,-3.743857833595425717e-17,-3.743857833595425717e-17,-3.743857833595425717e-17,1.387778780781445676e-17,1.387778780781445676e-17,1.387778780781445676e-17,1.387778780781445676e-17,1.387778780781445676e-17,1.387778780781445676e-17,-3.743857833595425717e-17,-3.743857833595425717e-17,-3.743857833595425717e-17,-3.743857833595425717e-17
6.228791922330856323e-02,6.228791922330856323e-02,6.228791922330856323e-02,6.228791922330856323e-02,6.228791922330856323e-02,6.402774900197982788e-02,3.870683535933494568e-02,9.247726760804653168e-03,-8.233686909079551697e-03,-1.466752309352159500e-02,-1.466752309352159500e-02,-1.466752309352159500e-02,-1.466752309352159500e-02,-1.466752309352159500e-02
5.076506361365318298e-02,5.076506361365318298e-02,5.076506361365318298e-02,5.076506361365318298e-02,5.076506361365318298e-02,4.486001655459403992e-02,2.075689472258090973e-02,6.412410642951726913e-03,-1.389213488437235355e-03,-5.146901123225688934e-03,-5.146901123225688934e-03,-5.146901123225688934e-03,-5.146901123225688934e-03,-5.146901123225688934e-03
5.180444195866584778e-02,5.180444195866584778e-02,5.180444195866584778e-02,5.180444195866584778e-02,5.180444195866584778e-02,4.402533918619155884e-02,1.864404603838920593e-02,1.915890839882194996e-03,-6.456150207668542862e-03,-7.319131400436162949e-03,-7.319131400436162949e-03,-7.319131400436162949e-03,-7.319131400436162949e-03,-7.319131400436162949e-03
5.296762287616729736e-02,5.296762287616729736e-02,5.296762287616729736e-02,5.296762287616729736e-02,5.296762287616729736e-02,5.047901347279548645e-02,2.723987400531768799e-02,5.929993465542793274e-03,-3.385590156540274620e-03,-4.578783642500638962e-03,-4.578783642500638962e-03,-4.578783642500638962e-03,-4.578783642500638962e-03,-4.578783642500638962e-03
3.541911020874977112e-02,3.541911020874977112e-02,3.541911020874977112e-02,3.541911020874977112e-02,3.541911020874977112e-02,3.196915239095687866e-02,1.718419604003429413e-02,5.705058109015226364e-03,2.143121557310223579e-03,3.715118858963251114e-03,3.715118858963251114e-03,3.715118858963251114e-03,3.715118858963251114e-03,3.715118858963251114e-03
3.774931281805038452e-02,3.774931281805038452e-02,3.774931281805038452e-02,3.774931281805038452e-02,3.774931281805038452e-02,2.962640486657619476e-02,1.268089003860950470e-02,-8.539269329048693180e-04,-5.692948587238788605e-03,-1.880447845906019211e-03,-1.880447845906019211e-03,-1.880447845906019211e-03,-1.880447845906019211e-03,-1.880447845906019211e-03
4.246146231889724731e-02,4.246146231889724731e-02,4.246146231889724731e-02,4.246146231889724731e-02,4.246146231889724731e-02,3.529965877532958984e-02,1.552869565784931183e-02,-1.031294523272663355e-04,-5.333524197340011597e-03,-3.786514746025204659e-03,-3.786514746025204659e-03,-3.786514746025204659e-03,-3.786514746025204659e-03,-3.786514746025204659e-03
3.831057995557785034e-02,3.831057995557785034e-02,3.831057995557785034e-02,3.831057995557785034e-02,3.831057995557785034e-02,3.388586267828941345e-02,1.639538258314132690e-02,3.671598620712757111e-03,-1.345119904726743698e-03,-1.563355443067848682e-03,-1.563355443067848682e-03,-1.563355443067848682e-03,-1.563355443067848682e-03,-1.563355443067848682e-03
3.734354674816131592e-02,3.734354674816131592e-02,3.734354674816131592e-02,3.734354674816131592e-02,3.734354674816131592e-02,3.396346792578697205e-02,1.830549724400043488e-02,4.291414748877286911e-03,-3.100360743701457977e-03,-4.456788301467895508e-03,-4.456788301467895508e-03,-4.456788301467895508e-03,-4.456788301467895508e-03,-4.456788301467895508e-03
3.477352857589721680e-02,3.477352857589721680e-02,3.477352857589721680e-02,3.477352857589721680e-02,3.477352857589721680e-02,3.360570222139358521e-02,2.082736417651176453e-02,7.417866960167884827e-03,-2.650750684551894665e-04,-3.834189148619771004e-03,-3.834189148619771004e-03,-3.834189148619771004e-03,-3.834189148619771004e-03,-3.834189148619771004e-03
3.827342018485069275e-02,3.827342018485069275e-02,3.827342018485069275e-02,3.827342018485069275e-02,3.827342018485069275e-02,3.677131235599517822e-02,2.157663553953170776e-02,7.085315417498350143e-03,-5.623070173896849155e-04,-3.624344710260629654e-03,-3.624344710260629654e-03,-3.624344710260629654e-03,-3.624344710260629654e-03,-3.624344710260629654e-03
