0.000000000000000000e+00,0.000000000000000000e+00,0.000000000000000000e+00,0.000000000000000000e+00,0.000000000000000000e+00,0.000000000000000000e+00,0.000000000000000000e+00,0.000000000000000000e+00,0.000000000000000000e+00,0.000000000000000000e+00,0.000000000000000000e+00,0.000000000000000000e+00,0.000000000000000000e+00,0.000000000000000000e+00,0.000000000000000000e+00,0.000000000000000000e+00,0.000000000000000000e+00
1.000000000000000000e+00,1.000000000000000000e+00,1.000000000000000000e+00,1.000000000000000000e+00,1.000000000000000000e+00,1.000000000000000000e+00,1.000000000000000000e+00,1.000000000000000000e+00,1.000000000000000000e+00,1.000000000000000000e+00,1.000000000000000000e+00,1.000000000000000000e+00,1.000000000000000000e+00,1.000000000000000000e+00,1.000000000000000000e+00,1.000000000000000000e+00,1.000000000000000000e+00
9.000506401062011719e-01,8.519956469535827637e-01,6.019464731216430664e-01,4.415237605571746826e-01,4.390736818313598633e-01,5.252192020416259766e-01,6.276544332504272461e-01,7.632032036781311035e-01,7.822713851928710938e-01,8.314314484596252441e-01,8.384766578674316406e-01,8.681915402412414551e-01,9.028719663619995117e-01,9.190925955772399902e-01,9.239975810050964355e-01,9.293060898780822754e-01,9.242229461669921875e-01
8.849990963935852051e-01,7.960110902786254883e-01,4.889143407344818115e-01,3.240880072116851807e-01,3.049049675464630127e-01,4.138671755790710449e-01,5.451931357383728027e-01,7.242470979690551758e-01,7.372176647186279297e-01,7.474857568740844727e-01,7.874480485916137695e-01,8.231272101402282715e-01,8.594227433204650879e-01,8.892638087272644043e-01,8.992238044738769531e-01,9.030387997627258301e-01,8.937839865684509277e-01
8.662104010581970215e-01,7.806047797203063965e-01,5.788098573684692383e-01,4.397598803043365479e-01,4.457433521747589111e-01,5.290259122848510742e-01,6.427122354507446289e-01,7.676001191139221191e-01,7.906842827796936035e-01,8.194829821586608887e-01,8.117951154708862305e-01,8.093411326408386230e-01,8.418901562690734863e-01,8.785674571990966797e-01,8.907614350318908691e-01,8.906825184822082520e-01,8.878598809242248535e-01
8.623012304306030273e-01,7.623116374015808105e-01,5.866106748580932617e-01,5.312318801879882812e-01,5.675929784774780273e-01,5.920353531837463379e-01,6.130842566490173340e-01,7.072543501853942871e-01,7.330095767974853516e-01,7.536497116088867188e-01,7.714213728904724121e-01,7.843137979507446289e-01,8.276123404502868652e-01,8.648613691329956055e-01,8.852940797805786133e-01,8.943302035331726074e-01,8.911501169204711914e-01
8.650440573692321777e-01,7.636594176292419434e-01,5.651940703392028809e-01,4.395673871040344238e-01,4.538824856281280518e-01,5.025853514671325684e-01,5.832461714744567871e-01,7.207219600677490234e-01,7.461829185485839844e-01,7.662267088890075684e-01,7.721291184425354004e-01,7.819829583168029785e-01,8.124737143516540527e-01,8.545300364494323730e-01,8.762513399124145508e-01,8.806401491165161133e-01,8.741973042488098145e-01
8.575057983398437500e-01,7.672910094261169434e-01,5.960552692413330078e-01,5.114004015922546387e-01,5.405285954475402832e-01,5.915368199348449707e-01,6.370782256126403809e-01,7.388391494750976562e-01,7.644582986831665039e-01,7.766329646110534668e-01,7.703886032104492188e-01,7.689459323883056641e-01,8.100814223289489746e-01,8.511707782745361328e-01,8.709319233894348145e-01,8.828548192977905273e-01,8.789768815040588379e-01
8.492885231971740723e-01,7.636458277702331543e-01,5.710090398788452148e-01,4.812157750129699707e-01,5.146839022636413574e-01,5.559982061386108398e-01,6.123622655868530273e-01,6.913474202156066895e-01,7.013443112373352051e-01,7.176309227943420410e-01,7.355439662933349609e-01,7.628397345542907715e-01,8.053852915763854980e-01,8.400655984878540039e-01,8.682267069816589355e-01,8.820534944534301758e-01,8.844255208969116211e-01
8.524913787841796875e-01,7.727147936820983887e-01,5.824463367462158203e-01,4.683944582939147949e-01,4.976984560489654541e-01,5.634559392929077148e-01,6.152168512344360352e-01,7.087771892547607422e-01,7.182595133781433105e-01,7.219880819320678711e-01,7.325224876403808594e-01,7.625227570533752441e-01,8.038660883903503418e-01,8.476210832595825195e-01,8.650549054145812988e-01,8.678132295608520508e-01,8.695228695869445801e-01
8.435789346694946289e-01,7.679728865623474121e-01,5.838895440101623535e-01,4.871008992195129395e-01,5.270470976829528809e-01,6.086913943290710449e-01,6.680970191955566406e-01,7.484682798385620117e-01,7.522451877593994141e-01,7.570942044258117676e-01,7.655699253082275391e-01,7.758269309997558594e-01,7.958382964134216309e-01,8.421550989151000977e-01,8.618936538696289062e-01,8.619736433029174805e-01,8.601098060607910156e-01
8.453814387321472168e-01,7.670619487762451172e-01,5.754477381706237793e-01,4.518932402133941650e-01,4.577917754650115967e-01,5.215029716491699219e-01,5.950443744659423828e-01,7.052735686302185059e-01,7.232201695442199707e-01,7.488935589790344238e-01,7.437256574630737305e-01,7.454257011413574219e-01,7.844097614288330078e-01,8.278740048408508301e-01,8.507706522941589355e-01,8.642458915710449219e-01,8.607580065727233887e-01
8.454820513725280762e-01,7.613258361816406250e-01,5.910751223564147949e-01,4.953645467758178711e-01,5.028175115585327148e-01,5.255768299102783203e-01,5.812860131263732910e-01,6.792398095130920410e-01,6.974610090255737305e-01,7.143972516059875488e-01,7.265929579734802246e-01,7.456790208816528320e-01,7.917786836624145508e-01,8.206408023834228516e-01,8.388622403144836426e-01,8.619396090507507324e-01,8.587180972099304199e-01
0.000000000000000000e+00,0.000000000000000000e+00,0.000000000000000000e+00,0.000000000000000000e+00,-0.000000000000000000e+00,-0.000000000000000000e+00,-0.000000000000000000e+00,-0.000000000000000000e+00,-0.000000000000000000e+00,-0.000000000000000000e+00,-0.000000000000000000e+00,-0.000000000000000000e+00,-0.000000000000000000e+00,0.000000000000000000e+00,0.000000000000000000e+00,0.000000000000000000e+00,0.000000000000000000e+00
-3.109246522005967991e-17,-3.109246522005967991e-17,-3.109246522005967991e-17,-3.109246522005967991e-17,-3.469446951953614189e-18,-3.469446951953614189e-18,-3.469446951953614189e-18,-3.469446951953614189e-18,-3.469446951953614189e-18,-3.469446951953614189e-18,-3.469446951953614189e-18,-3.469446951953614189e-18,-3.469446951953614189e-18,-3.109246522005967991e-17,-3.109246522005967991e-17,-3.109246522005967991e-17,-3.109246522005967991e-17
-1.003971602767705917e-02,-1.003971602767705917e-02,-1.003971602767705917e-02,-1.003971602767705917e-02,-1.003971602767705917e-02,2.151096053421497345e-02,5.067038536071777344e-02,6.119869276881217957e-02,5.623304843902587891e-02,4.445546865463256836e-02,3.218336775898933411e-02,2.215512841939926147e-02,1.805621758103370667e-02,1.805621758103370667e-02,1.805621758103370667e-02,1.805621758103370667e-02,1.805621758103370667e-02
-1.006801612675189972e-02,-1.006801612675189972e-02,-1.006801612675189972e-02,-1.006801612675189972e-02,-1.006801612675189972e-02,2.652358263731002808e-02,6.065555661916732788e-02,7.171746343374252319e-02,6.589332967996597290e-02,5.153776705265045166e-02,3.718707337975502014e-02,2.594526670873165131e-02,2.304354123771190643e-02,2.304354123771190643e-02,2.304354123771190643e-02,2.304354123771190643e-02,2.304354123771190643e-02
-2.067461144179105759e-03,-2.067461144179105759e-03,-2.067461144179105759e-03,-2.067461144179105759e-03,-2.067461144179105759e-03,2.739642374217510223e-02,4.999277368187904358e-02,5.508944019675254822e-02,4.692635685205459595e-02,3.500488027930259705e-02,2.362281270325183868e-02,1.568041741847991943e-02,1.382433250546455383e-02,1.382433250546455383e-02,1.382433250546455383e-02,1.382433250546455383e-02,1.382433250546455383e-02
-9.476464241743087769e-03,-9.476464241743087769e-03,-9.476464241743087769e-03,-9.476464241743087769e-03,-9.476464241743087769e-03,1.336808688938617706e-02,3.087580762803554535e-02,3.444944694638252258e-02,3.299970552325248718e-02,3.212365135550498962e-02,2.969216555356979370e-02,2.472952008247375488e-02,2.271494455635547638e-02,2.271494455635547638e-02,2.271494455635547638e-02,2.271494455635547638e-02,2.271494455635547638e-02
-8.418912999331951141e-03,-8.418912999331951141e-03,-8.418912999331951141e-03,-8.418912999331951141e-03,-8.418912999331951141e-03,2.074847556650638580e-02,4.350759461522102356e-02,5.024369433522224426e-02,4.493047297000885010e-02,3.739882633090019226e-02,2.869637869298458099e-02,2.078048698604106903e-02,1.893482357263565063e-02,1.893482357263565063e-02,1.893482357263565063e-02,1.893482357263565063e-02,1.893482357263565063e-02
-4.922720603644847870e-03,-4.922720603644847870e-03,-4.922720603644847870e-03,-4.922720603644847870e-03,-4.922720603644847870e-03,1.823339983820915222e-02,3.480321168899536133e-02,3.695557639002799988e-02,3.191421926021575928e-02,2.706148847937583923e-02,2.259948104619979858e-02,1.807086728513240814e-02,1.766752265393733978e-02,1.766752265393733978e-02,1.766752265393733978e-02,1.766752265393733978e-02,1.766752265393733978e-02
-1.085305307060480118e-02,-1.085305307060480118e-02,-1.085305307060480118e-02,-1.085305307060480118e-02,-1.085305307060480118e-02,1.208146382123231888e-02,3.126758709549903870e-02,3.668872639536857605e-02,3.426628559827804565e-02,3.154204785823822021e-02,2.871505171060562134e-02,2.630303613841533661e-02,2.613639831542968750e-02,2.613639831542968750e-02,2.613639831542968750e-02,2.613639831542968750e-02,2.613639831542968750e-02
-9.468962438404560089e-03,-9.468962438404560089e-03,-9.468962438404560089e-03,-9.468962438404560089e-03,-9.468962438404560089e-03,1.338027603924274445e-02,3.245881572365760803e-02,3.835153579711914062e-02,3.449488431215286255e-02,3.040603920817375183e-02,2.712719514966011047e-02,2.331899851560592651e-02,2.321153320372104645e-02,2.321153320372104645e-02,2.321153320372104645e-02,2.321153320372104645e-02,2.321153320372104645e-02
-2.230722690001130104e-03,-2.230722690001130104e-03,-2.230722690001130104e-03,-2.230722690001130104e-03,-2.230722690001130104e-03,1.875561475753784180e-02,3.544790670275688171e-02,3.752377256751060486e-02,2.966905198991298676e-02,2.308534458279609680e-02,1.936943270266056061e-02,1.638928428292274475e-02,1.675120741128921509e-02,1.675120741128921509e-02,1.675120741128921509e-02,1.675120741128921509e-02,1.675120741128921509e-02
-9.420120157301425934e-03,-9.420120157301425934e-03,-9.420120157301425934e-03,-9.420120157301425934e-03,-9.420120157301425934e-03,1.691094972193241119e-02,3.797899931669235229e-02,4.358147457242012024e-02,3.865371271967887878e-02,3.157316893339157104e-02,2.516029588878154755e-02,2.028642967343330383e-02,1.987911015748977661e-02,1.987911015748977661e-02,1.987911015748977661e-02,1.987911015748977661e-02,1.987911015748977661e-02
-1.379513647407293320e-02,-1.379513647407293320e-02,-1.379513647407293320e-02,-1.379513647407293320e-02,-1.379513647407293320e-02,9.627705439925193787e-03,2.903532423079013824e-02,3.610666841268539429e-02,3.569870814681053162e-02,3.289573639631271362e-02,2.790708281099796295e-02,2.387792803347110748e-02,2.311926335096359253e-02,2.311926335096359253e-02,2.311926335096359253e-02,2.311926335096359253e-02,2.311926335096359253e-02
0.000000000000000000e+00,0.000000000000000000e+00,0.000000000000000000e+00,0.000000000000000000e+00,0.000000000000000000e+00,0.000000000000000000e+00,0.000000000000000000e+00,0.000000000000000000e+00,0.000000000000000000e+00,0.000000000000000000e+00,0.000000000000000000e+00,0.000000000000000000e+00,0.000000000000000000e+00,0.000000000000000000e+00,0.000000000000000000e+00,0.000000000000000000e+00,0.000000000000000000e+00
-3.743857833595425717e-17,-3.743857833595425717e-17,-3.743857833595425717e-17,-3.743857833595425717e-17,1.387778780781445676e-17,1.387778780781445676e-17,1.387778780781445676e-17,1.387778780781445676e-17,1.387778780781445676e-17,1.387778780781445676e-17,1.387778780781445676e-17,1.387778780781445676e-17,1.387778780781445676e-17,-3.743857833595425717e-17,-3.743857833595425717e-17,-3.743857833595425717e-17,-3.743857833595425717e-17
5.055951699614524841e-02,5.055951699614524841e-02,5.055951699614524841e-02,5.055951699614524841e-02,5.055951699614524841e-02,4.014914855360984802e-02,1.085606962442398071e-02,-9.677764959633350372e-03,-1.548682246357202530e-02,-1.315603591501712799e-02,-8.489055559039115906e-03,-3.542871912941336632e-03,-5.268527194857597351e-03,-5.268527194857597351e-03,-5.268527194857597351e-03,-5.268527194857597351e-03,-5.268527194857597351e-03
6.309021264314651489e-02,6.309021264314651489e-02,6.309021264314651489e-02,6.309021264314651489e-02,6.309021264314651489e-02,4.477303847670555115e-02,1.006575115025043488e-02,-1.257197372615337372e-02,-1.983723975718021393e-02,-1.499577518552541733e-02,-7.541675120592117310e-03,-1.156382611952722073e-03,-5.564413033425807953e-03,-5.564413033425807953e-03,-5.564413033425807953e-03,-5.564413033425807953e-03,-5.564413033425807953e-03
4.777939990162849426e-02,4.777939990162849426e-02,4.777939990162849426e-02,4.777939990162849426e-02,4.777939990162849426e-02,3.386531025171279907e-02,6.414136383682489395e-03,-1.456756889820098877e-02,-1.949751004576683044e-02,-1.394482329487800598e-02,-5.467688199132680893e-03,6.886538467369973660e-04,-3.946027427446097136e-04,-3.946027427446097136e-04,-3.946027427446097136e-04,-3.946027427446097136e-04,-3.946027427446097136e-04
3.227424621582031250e-02,3.227424621582031250e-02,3.227424621582031250e-02,3.227424621582031250e-02,3.227424621582031250e-02,2.135097235441207886e-02,4.901813808828592300e-03,-3.432431258261203766e-03,-4.050676710903644562e-03,-3.685889998450875282e-03,-2.379608340561389923e-03,7.674358785152435303e-04,-1.795708783902227879e-03,-1.795708783902227879e-03,-1.795708783902227879e-03,-1.795708783902227879e-03,-1.795708783902227879e-03
4.593778401613235474e-02,4.593778401613235474e-02,4.593778401613235474e-02,4.593778401613235474e-02,4.593778401613235474e-02,3.257844597101211548e-02,8.276919834315776825e-03,-9.479954838752746582e-03,-1.427453756332397461e-02,-1.166278775781393051e-02,-5.062133073806762695e-03,1.409561838954687119e-03,-7.760273292660713196e-04,-7.760273292660713196e-04,-7.760273292660713196e-04,-7.760273292660713196e-04,-7.760273292660713196e-04
3.578427061438560486e-02,3.578427061438560486e-02,3.578427061438560486e-02,3.578427061438560486e-02,3.578427061438560486e-02,2.359631471335887909e-02,3.200889332219958305e-03,-9.788191877305507660e-03,-1.076075062155723572e-02,-6.842872127890586853e-03,-2.001249929890036583e-03,3.432518802583217621e-03,1.641607726924121380e-03,1.641607726924121380e-03,1.641607726924121380e-03,1.641607726924121380e-03,1.641607726924121380e-03
3.508524969220161438e-02,3.508524969220161438e-02,3.508524969220161438e-02,3.508524969220161438e-02,3.508524969220161438e-02,2.320772223174571991e-02,3.885420737788081169e-03,-5.982345901429653168e-03,-5.560529883950948715e-03,-3.028564853593707085e-03,5.274135037325322628e-04,2.441684948280453682e-03,-1.272544730454683304e-03,-1.272544730454683304e-03,-1.272544730454683304e-03,-1.272544730454683304e-03,-1.272544730454683304e-03
3.739120811223983765e-02,3.739120811223983765e-02,3.739120811223983765e-02,3.739120811223983765e-02,3.739120811223983765e-02,2.456833235919475555e-02,3.229092806577682495e-03,-8.768323808908462524e-03,-8.104884065687656403e-03,-3.094627754762768745e-03,6.022906163707375526e-04,2.817745553329586983e-03,-1.393658691085875034e-03,-1.393658691085875034e-03,-1.393658691085875034e-03,-1.393658691085875034e-03,-1.393658691085875034e-03
3.487632051110267639e-02,3.487632051110267639e-02,3.487632051110267639e-02,3.487632051110267639e-02,3.487632051110267639e-02,2.095019631087779999e-02,-3.761088009923696518e-04,-1.218867860734462738e-02,-1.163719128817319870e-02,-4.908774048089981079e-03,4.726770857814699411e-04,3.326564794406294823e-03,8.061838161665946245e-05,8.061838161665946245e-05,8.061838161665946245e-05,8.061838161665946245e-05,8.061838161665946245e-05
4.147117957472801208e-02,4.147117957472801208e-02,4.147117957472801208e-02,4.147117957472801208e-02,4.147117957472801208e-02,3.019874729216098785e-02,6.792594213038682938e-03,-1.026750728487968445e-02,-1.351788081228733063e-02,-8.837250992655754089e-03,-2.433173824101686478e-03,3.167800838127732277e-03,9.807454189285635948e-04,9.807454189285635948e-04,9.807454189285635948e-04,9.807454189285635948e-04,9.807454189285635948e-04
3.570372983813285828e-02,3.570372983813285828e-02,3.570372983813285828e-02,3.570372983813285828e-02,3.570372983813285828e-02,2.597806975245475769e-02,7.907375693321228027e-03,-4.087002016603946686e-03,-6.399561651051044464e-03,-5.607503466308116913e-03,-2.172636333853006363e-03,1.950397621840238571e-03,-8.209507795982062817e-04,-8.209507795982062817e-04,-8.209507795982062817e-04,-8.209507795982062817e-04,-8.209507795982062817e-04
