0.000000000000000000e+00,0.000000000000000000e+00,0.000000000000000000e+00,0.000000000000000000e+00,0.000000000000000000e+00,0.000000000000000000e+00,0.000000000000000000e+00,0.000000000000000000e+00,0.000000000000000000e+00,0.000000000000000000e+00,0.000000000000000000e+00,0.000000000000000000e+00,0.000000000000000000e+00
1.000000000000000000e+00,1.000000000000000000e+00,1.000000000000000000e+00,1.000000000000000000e+00,1.000000000000000000e+00,1.000000000000000000e+00,1.000000000000000000e+00,1.000000000000000000e+00,1.000000000000000000e+00,1.000000000000000000e+00,1.000000000000000000e+00,1.000000000000000000e+00,1.000000000000000000e+00
9.121297597885131836e-01,8.691025376319885254e-01,6.124458312988281250e-01,3.204537332057952881e-01,1.942090541124343872e-01,1.761316210031509399e-01,2.103580981492996216e-01,2.982863485813140869e-01,4.453625380992889404e-01,5.914207100868225098e-01,6.923129558563232422e-01,7.497803568840026855e-01,8.119786381721496582e-01
8.508282303810119629e-01,7.839514017105102539e-01,5.684380531311035156e-01,3.915629088878631592e-01,3.324190080165863037e-01,3.709974586963653564e-01,4.493551254272460938e-01,4.927492141723632812e-01,5.245265364646911621e-01,5.681965947151184082e-01,6.279768943786621094e-01,6.638763546943664551e-01,7.273344993591308594e-01
8.387782573699951172e-01,7.620924115180969238e-01,5.579020977020263672e-01,3.707543909549713135e-01,3.039918541908264160e-01,3.338525891304016113e-01,3.851953744888305664e-01,4.459604024887084961e-01,5.130362510681152344e-01,5.830762386322021484e-01,6.385643482208251953e-01,6.613043546676635742e-01,7.106090188026428223e-01
8.495035171508789062e-01,7.615091204643249512e-01,5.141819119453430176e-01,2.820773720741271973e-01,2.152496725320816040e-01,2.512401342391967773e-01,3.178738355636596680e-01,3.608690202236175537e-01,4.115923345088958740e-01,5.147069692611694336e-01,5.869225263595581055e-01,6.299295425415039062e-01,6.899179220199584961e-01
8.565622568130493164e-01,7.534641623497009277e-01,5.833714604377746582e-01,4.192496836185455322e-01,3.876041471958160400e-01,4.378634691238403320e-01,4.911091923713684082e-01,5.031667947769165039e-01,5.148965120315551758e-01,5.515447854995727539e-01,5.839225649833679199e-01,6.176609992980957031e-01,6.833736300468444824e-01
8.617577552795410156e-01,7.527251243591308594e-01,6.020668148994445801e-01,4.469729065895080566e-01,4.068797826766967773e-01,4.483155310153961182e-01,4.766575992107391357e-01,4.863741397857666016e-01,5.221289992332458496e-01,5.827840566635131836e-01,6.166880130767822266e-01,6.352549195289611816e-01,6.956000924110412598e-01
8.725470304489135742e-01,7.704854607582092285e-01,5.433158874511718750e-01,3.731387853622436523e-01,3.280843794345855713e-01,3.717034459114074707e-01,4.158564209938049316e-01,4.410219490528106689e-01,4.816221296787261963e-01,5.503580570220947266e-01,6.076511740684509277e-01,6.405619978904724121e-01,7.040297389030456543e-01
8.791605830192565918e-01,7.792971730232238770e-01,5.576887726783752441e-01,4.160944521427154541e-01,3.747684657573699951e-01,4.184872806072235107e-01,4.586018323898315430e-01,5.105286240577697754e-01,5.590237379074096680e-01,5.804781317710876465e-01,6.165896654129028320e-01,6.524139046669006348e-01,7.130165696144104004e-01
8.741756677627563477e-01,7.725058794021606445e-01,6.013843417167663574e-01,4.623019397258758545e-01,4.181919395923614502e-01,4.510404765605926514e-01,4.852315485477447510e-01,5.299684405326843262e-01,5.720298290252685547e-01,6.209073066711425781e-01,6.565236449241638184e-01,6.771998405456542969e-01,7.212839722633361816e-01
8.651137351989746094e-01,7.699555158615112305e-01,6.171196699142456055e-01,4.506854712963104248e-01,3.976028859615325928e-01,4.177670180797576904e-01,4.396612644195556641e-01,4.855730831623077393e-01,5.311026573181152344e-01,5.936797857284545898e-01,6.462365984916687012e-01,6.716238260269165039e-01,7.142306566238403320e-01
8.593750000000000000e-01,7.682300806045532227e-01,6.044238805770874023e-01,4.409819841384887695e-01,3.837813138961791992e-01,4.106056094169616699e-01,4.413377642631530762e-01,4.924752414226531982e-01,5.284568071365356445e-01,5.660027265548706055e-01,6.118175983428955078e-01,6.512109637260437012e-01,7.085464000701904297e-01
0.000000000000000000e+00,0.000000000000000000e+00,0.000000000000000000e+00,0.000000000000000000e+00,-0.000000000000000000e+00,-0.000000000000000000e+00,-0.000000000000000000e+00,-0.000000000000000000e+00,-0.000000000000000000e+00,0.000000000000000000e+00,0.000000000000000000e+00,0.000000000000000000e+00,0.000000000000000000e+00
-3.109246522005967991e-17,-3.109246522005967991e-17,-3.109246522005967991e-17,-3.109246522005967991e-17,-3.469446951953614189e-18,-3.469446951953614189e-18,-3.469446951953614189e-18,-3.469446951953614189e-18,-3.469446951953614189e-18,-3.109246522005967991e-17,-3.109246522005967991e-17,-3.109246522005967991e-17,-3.109246522005967991e-17
-7.546691596508026123e-02,-7.546691596508026123e-02,-7.546691596508026123e-02,-7.546691596508026123e-02,-7.546691596508026123e-02,-2.733604796230792999e-02,2.928051911294460297e-02,7.128667831420898438e-02,9.081780910491943359e-02,9.081780910491943359e-02,9.081780910491943359e-02,9.081780910491943359e-02,9.081780910491943359e-02
-4.062574356794357300e-02,-4.062574356794357300e-02,-4.062574356794357300e-02,-4.062574356794357300e-02,-4.062574356794357300e-02,-1.125741750001907349e-02,2.123372070491313934e-02,4.075828567147254944e-02,4.818315804004669189e-02,4.818315804004669189e-02,4.818315804004669189e-02,4.818315804004669189e-02,4.818315804004669189e-02
-4.389465600252151489e-02,-4.389465600252151489e-02,-4.389465600252151489e-02,-4.389465600252151489e-02,-4.389465600252151489e-02,-1.031744480133056641e-02,2.483018673956394196e-02,4.653675854206085205e-02,5.421129614114761353e-02,5.421129614114761353e-02,5.421129614114761353e-02,5.421129614114761353e-02,5.421129614114761353e-02
-5.628364160656929016e-02,-5.628364160656929016e-02,-5.628364160656929016e-02,-5.628364160656929016e-02,-5.628364160656929016e-02,-1.724616438150405884e-02,2.485275827348232269e-02,5.211798846721649170e-02,6.211127713322639465e-02,6.211127713322639465e-02,6.211127713322639465e-02,6.211127713322639465e-02,6.211127713322639465e-02
-3.805776312947273254e-02,-3.805776312947273254e-02,-3.805776312947273254e-02,-3.805776312947273254e-02,-3.805776312947273254e-02,-1.236271765083074570e-02,1.198296342045068741e-02,2.722917497158050537e-02,3.260792046785354614e-02,3.260792046785354614e-02,3.260792046785354614e-02,3.260792046785354614e-02,3.260792046785354614e-02
-4.011739790439605713e-02,-4.011739790439605713e-02,-4.011739790439605713e-02,-4.011739790439605713e-02,-4.011739790439605713e-02,-1.284995768219232559e-02,1.224125456064939499e-02,2.828268706798553467e-02,3.486950322985649109e-02,3.486950322985649109e-02,3.486950322985649109e-02,3.486950322985649109e-02,3.486950322985649109e-02
-4.680740833282470703e-02,-4.680740833282470703e-02,-4.680740833282470703e-02,-4.680740833282470703e-02,-4.680740833282470703e-02,-1.403420884162187576e-02,1.942321658134460449e-02,3.885780274868011475e-02,4.672138020396232605e-02,4.672138020396232605e-02,4.672138020396232605e-02,4.672138020396232605e-02,4.672138020396232605e-02
-3.804390132427215576e-02,-3.804390132427215576e-02,-3.804390132427215576e-02,-3.804390132427215576e-02,-3.804390132427215576e-02,-8.642826229333877563e-03,1.982177421450614929e-02,3.491908311843872070e-02,4.067829251289367676e-02,4.067829251289367676e-02,4.067829251289367676e-02,4.067829251289367676e-02,4.067829251289367676e-02
-3.632937744259834290e-02,-3.632937744259834290e-02,-3.632937744259834290e-02,-3.632937744259834290e-02,-3.632937744259834290e-02,-8.201420307159423828e-03,1.804961822926998138e-02,3.335197642445564270e-02,3.873948752880096436e-02,3.873948752880096436e-02,3.873948752880096436e-02,3.873948752880096436e-02,3.873948752880096436e-02
-4.295044764876365662e-02,-4.295044764876365662e-02,-4.295044764876365662e-02,-4.295044764876365662e-02,-4.295044764876365662e-02,-1.418867241591215134e-02,1.467093732208013535e-02,3.454869240522384644e-02,4.248898103833198547e-02,4.248898103833198547e-02,4.248898103833198547e-02,4.248898103833198547e-02,4.248898103833198547e-02
-4.179143160581588745e-02,-4.179143160581588745e-02,-4.179143160581588745e-02,-4.179143160581588745e-02,-4.179143160581588745e-02,-1.460446137934923172e-02,1.293096225708723068e-02,3.204896673560142517e-02,4.058939218521118164e-02,4.058939218521118164e-02,4.058939218521118164e-02,4.058939218521118164e-02,4.058939218521118164e-02
0.000000000000000000e+00,0.000000000000000000e+00,0.000000000000000000e+00,0.000000000000000000e+00,0.000000000000000000e+00,0.000000000000000000e+00,0.000000000000000000e+00,0.000000000000000000e+00,0.000000000000000000e+00,0.000000000000000000e+00,0.000000000000000000e+00,0.000000000000000000e+00,0.000000000000000000e+00
-3.743857833595425717e-17,-3.743857833595425717e-17,-3.743857833595425717e-17,-3.743857833595425717e-17,1.387778780781445676e-17,1.387778780781445676e-17,1.387778780781445676e-17,1.387778780781445676e-17,1.387778780781445676e-17,-3.743857833595425717e-17,-3.743857833595425717e-17,-3.743857833595425717e-17,-3.743857833595425717e-17
5.903234332799911499e-02,5.903234332799911499e-02,5.903234332799911499e-02,5.903234332799911499e-02,5.903234332799911499e-02,7.131843268871307373e-02,5.525438860058784485e-02,2.796279639005661011e-02,7.361472118645906448e-03,7.361472118645906448e-03,7.361472118645906448e-03,7.361472118645906448e-03,7.361472118645906448e-03
4.262464493513107300e-02,4.262464493513107300e-02,4.262464493513107300e-02,4.262464493513107300e-02,4.262464493513107300e-02,3.836859390139579773e-02,2.097743377089500427e-02,5.087761208415031433e-03,-4.936163313686847687e-04,-4.936163313686847687e-04,-4.936163313686847687e-04,-4.936163313686847687e-04,-4.936163313686847687e-04
4.481437429785728455e-02,4.481437429785728455e-02,4.481437429785728455e-02,4.481437429785728455e-02,4.481437429785728455e-02,4.379726573824882507e-02,2.744788303971290588e-02,8.595155552029609680e-03,-1.232689712196588516e-03,-1.232689712196588516e-03,-1.232689712196588516e-03,-1.232689712196588516e-03,-1.232689712196588516e-03
5.008548498153686523e-02,5.008548498153686523e-02,5.008548498153686523e-02,5.008548498153686523e-02,5.008548498153686523e-02,4.974674805998802185e-02,3.166741505265235901e-02,1.170025300234556198e-02,2.506214193999767303e-03,2.506214193999767303e-03,2.506214193999767303e-03,2.506214193999767303e-03,2.506214193999767303e-03
3.523465618491172791e-02,3.523465618491172791e-02,3.523465618491172791e-02,3.523465618491172791e-02,3.523465618491172791e-02,2.847055904567241669e-02,1.393958926200866699e-02,1.630924642086029053e-03,1.185644767247140408e-03,1.185644767247140408e-03,1.185644767247140408e-03,1.185644767247140408e-03,1.185644767247140408e-03
3.340958803892135620e-02,3.340958803892135620e-02,3.340958803892135620e-02,3.340958803892135620e-02,3.340958803892135620e-02,2.989265136420726776e-02,1.835170388221740723e-02,5.436584353446960449e-03,2.357998862862586975e-03,2.357998862862586975e-03,2.357998862862586975e-03,2.357998862862586975e-03,2.357998862862586975e-03
4.220758378505706787e-02,4.220758378505706787e-02,4.220758378505706787e-02,4.220758378505706787e-02,4.220758378505706787e-02,3.801696002483367920e-02,2.181914076209068298e-02,7.531827781349420547e-03,2.837856998667120934e-03,2.837856998667120934e-03,2.837856998667120934e-03,2.837856998667120934e-03,2.837856998667120934e-03
4.217393323779106140e-02,4.217393323779106140e-02,4.217393323779106140e-02,4.217393323779106140e-02,4.217393323779106140e-02,3.450361639261245728e-02,1.606095209717750549e-02,2.934654708951711655e-03,-8.113253279589116573e-04,-8.113253279589116573e-04,-8.113253279589116573e-04,-8.113253279589116573e-04,-8.113253279589116573e-04
3.685603290796279907e-02,3.685603290796279907e-02,3.685603290796279907e-02,3.685603290796279907e-02,3.685603290796279907e-02,3.227769955992698669e-02,1.839898712933063507e-02,4.936503246426582336e-03,-7.283941376954317093e-04,-7.283941376954317093e-04,-7.283941376954317093e-04,-7.283941376954317093e-04,-7.283941376954317093e-04
3.617480769753456116e-02,3.617480769753456116e-02,3.617480769753456116e-02,3.617480769753456116e-02,3.617480769753456116e-02,3.493602946400642395e-02,2.403653971850872040e-02,9.579034522175788879e-03,2.382121747359633446e-03,2.382121747359633446e-03,2.382121747359633446e-03,2.382121747359633446e-03,2.382121747359633446e-03
3.715480491518974304e-02,3.715480491518974304e-02,3.715480491518974304e-02,3.715480491518974304e-02,3.715480491518974304e-02,3.372703120112419128e-02,2.083683945238590240e-02,7.363020908087491989e-03,2.228111494332551956e-03,2.228111494332551956e-03,2.228111494332551956e-03,2.228111494332551956e-03,2.228111494332551956e-03
