0.000000000000000000e+00,0.000000000000000000e+00,0.000000000000000000e+00,0.000000000000000000e+00,0.000000000000000000e+00,0.000000000000000000e+00,0.000000000000000000e+00,0.000000000000000000e+00,0.000000000000000000e+00,0.000000000000000000e+00,0.000000000000000000e+00,0.000000000000000000e+00,0.000000000000000000e+00,0.000000000000000000e+00,0.000000000000000000e+00,0.000000000000000000e+00,0.000000000000000000e+00
1.000000000000000000e+00,1.000000000000000000e+00,1.000000000000000000e+00,1.000000000000000000e+00,1.000000000000000000e+00,1.000000000000000000e+00,1.000000000000000000e+00,1.000000000000000000e+00,1.000000000000000000e+00,1.000000000000000000e+00,1.000000000000000000e+00,1.000000000000000000e+00,1.000000000000000000e+00,1.000000000000000000e+00,1.000000000000000000e+00,1.000000000000000000e+00,1.000000000000000000e+00
8.379383683204650879e-01,8.161758780479431152e-01,7.592869997024536133e-01,4.136792421340942383e-01,2.510430812835693359e-01,2.200000137090682983e-01,2.185322940349578857e-01,2.914447188377380371e-01,4.659334719181060791e-01,6.413819193840026855e-01,7.169226408004760742e-01,7.008224129676818848e-01,6.995986104011535645e-01,7.343194484710693359e-01,7.984893321990966797e-01,8.452339172363281250e-01,8.385643959045410156e-01
8.417061567306518555e-01,8.247785568237304688e-01,7.580880522727966309e-01,5.366814732551574707e-01,4.760779440402984619e-01,5.135266184806823730e-01,5.292648673057556152e-01,5.586192011833190918e-01,6.823764443397521973e-01,8.082048892974853516e-01,8.587035536766052246e-01,8.283835053443908691e-01,8.158040046691894531e-01,8.245861530303955078e-01,8.531787991523742676e-01,8.752635121345520020e-01,8.570923805236816406e-01
8.291503787040710449e-01,8.092184662818908691e-01,7.405948042869567871e-01,4.504122436046600342e-01,3.555124998092651367e-01,3.974195420742034912e-01,4.356395304203033447e-01,4.836893677711486816e-01,6.155987977981567383e-01,7.436183691024780273e-01,8.054665923118591309e-01,7.854920625686645508e-01,7.870715856552124023e-01,8.015177249908447266e-01,8.267260193824768066e-01,8.553346395492553711e-01,8.382975459098815918e-01
8.180356621742248535e-01,7.874402999877929688e-01,7.274079322814941406e-01,5.540256500244140625e-01,4.842141866683959961e-01,5.253638029098510742e-01,5.417039394378662109e-01,5.368204116821289062e-01,5.690885186195373535e-01,6.686641573905944824e-01,7.505313158035278320e-01,7.150533199310302734e-01,7.087166309356689453e-01,7.194955945014953613e-01,7.513648867607116699e-01,8.082844018936157227e-01,8.247343897819519043e-01
8.136048913002014160e-01,7.917108535766601562e-01,7.384750843048095703e-01,5.804230570793151855e-01,5.197485685348510742e-01,5.533238053321838379e-01,6.015805006027221680e-01,5.979970097541809082e-01,6.138541102409362793e-01,6.995956897735595703e-01,7.496579885482788086e-01,7.141460776329040527e-01,7.038395404815673828e-01,7.125328183174133301e-01,7.595115900039672852e-01,8.198269009590148926e-01,8.287174105644226074e-01
8.084658980369567871e-01,7.825951576232910156e-01,7.237606048583984375e-01,5.025926232337951660e-01,4.153296053409576416e-01,4.322425723075866699e-01,4.468062222003936768e-01,4.789421856403350830e-01,5.732706189155578613e-01,6.778911948204040527e-01,7.180915474891662598e-01,7.070123553276062012e-01,7.179760336875915527e-01,7.397383451461791992e-01,7.757042646408081055e-01,8.185408711433410645e-01,8.267232775688171387e-01
7.962706089019775391e-01,7.623701095581054688e-01,7.023378014564514160e-01,5.569623708724975586e-01,5.018097162246704102e-01,5.329434275627136230e-01,5.555529594421386719e-01,5.584331154823303223e-01,5.943857431411743164e-01,6.821297407150268555e-01,7.361103296279907227e-01,7.224249243736267090e-01,7.227365970611572266e-01,7.279153466224670410e-01,7.501238584518432617e-01,7.908548116683959961e-01,8.096075057983398438e-01
7.885211110115051270e-01,7.494089007377624512e-01,6.886107921600341797e-01,5.341572165489196777e-01,4.619045853614807129e-01,4.897502958774566650e-01,5.302096605300903320e-01,5.730873346328735352e-01,6.435042023658752441e-01,7.181930541992187500e-01,7.305128574371337891e-01,6.960169076919555664e-01,6.776916384696960449e-01,6.862687468528747559e-01,7.378789782524108887e-01,8.001750707626342773e-01,8.137636780738830566e-01
7.854643464088439941e-01,7.375912666320800781e-01,6.851496696472167969e-01,5.295493006706237793e-01,4.868828654289245605e-01,5.238620042800903320e-01,5.413640737533569336e-01,5.661461949348449707e-01,6.565617918968200684e-01,7.341545820236206055e-01,7.383146882057189941e-01,7.054684758186340332e-01,7.135891318321228027e-01,7.520167231559753418e-01,7.926046848297119141e-01,8.241310119628906250e-01,8.190957903861999512e-01
7.833105325698852539e-01,7.413750886917114258e-01,7.093968987464904785e-01,5.600043535232543945e-01,4.939839243888854980e-01,5.152162909507751465e-01,5.108792781829833984e-01,5.249825119972229004e-01,5.960803031921386719e-01,7.168117165565490723e-01,7.797012925148010254e-01,7.717980146408081055e-01,7.615252137184143066e-01,7.617775201797485352e-01,7.833375930786132812e-01,7.999668717384338379e-01,8.077282309532165527e-01
7.811813950538635254e-01,7.542287707328796387e-01,7.234644293785095215e-01,5.474707484245300293e-01,4.661062061786651611e-01,4.654780626296997070e-01,4.930337667465209961e-01,5.197719931602478027e-01,5.880689024925231934e-01,6.892333626747131348e-01,7.441325187683105469e-01,7.301766872406005859e-01,7.113741040229797363e-01,7.151111960411071777e-01,7.478900551795959473e-01,7.951624393463134766e-01,8.101044297218322754e-01
0.000000000000000000e+00,0.000000000000000000e+00,0.000000000000000000e+00,0.000000000000000000e+00,-0.000000000000000000e+00,-0.000000000000000000e+00,-0.000000000000000000e+00,-0.000000000000000000e+00,-0.000000000000000000e+00,-0.000000000000000000e+00,-0.000000000000000000e+00,-0.000000000000000000e+00,-0.000000000000000000e+00,0.000000000000000000e+00,0.000000000000000000e+00,0.000000000000000000e+00,0.000000000000000000e+00
-3.109246522005967991e-17,-3.109246522005967991e-17,-3.109246522005967991e-17,-3.109246522005967991e-17,-3.469446951953614189e-18,-3.469446951953614189e-18,-3.469446951953614189e-18,-3.469446951953614189e-18,-3.469446951953614189e-18,-3.469446951953614189e-18,-3.469446951953614189e-18,-3.469446951953614189e-18,-3.469446951953614189e-18,-3.109246522005967991e-17,-3.109246522005967991e-17,-3.109246522005967991e-17,-3.109246522005967991e-17
-7.229002565145492554e-02,-7.229002565145492554e-02,-7.229002565145492554e-02,-7.229002565145492554e-02,-7.229002565145492554e-02,-3.093693777918815613e-02,1.691460050642490387e-02,6.060627102851867676e-02,7.639011740684509277e-02,7.617035508155822754e-02,6.958705186843872070e-02,5.635625496506690979e-02,3.831183537840843201e-02,3.831183537840843201e-02,3.831183537840843201e-02,3.831183537840843201e-02,3.831183537840843201e-02
-3.194330260157585144e-02,-3.194330260157585144e-02,-3.194330260157585144e-02,-3.194330260157585144e-02,-3.194330260157585144e-02,-3.272785339504480362e-03,2.791202999651432037e-02,5.095255002379417419e-02,5.353229865431785583e-02,4.699518904089927673e-02,3.967650607228279114e-02,2.948078885674476624e-02,1.475321222096681595e-02,1.475321222096681595e-02,1.475321222096681595e-02,1.475321222096681595e-02,1.475321222096681595e-02
-4.156161472201347351e-02,-4.156161472201347351e-02,-4.156161472201347351e-02,-4.156161472201347351e-02,-4.156161472201347351e-02,-8.178452029824256897e-03,2.909246645867824554e-02,5.937564000487327576e-02,6.483395397663116455e-02,5.773603543639183044e-02,4.837750643491744995e-02,3.695610910654067993e-02,2.140813879668712616e-02,2.140813879668712616e-02,2.140813879668712616e-02,2.140813879668712616e-02,2.140813879668712616e-02
-3.579530119895935059e-02,-3.579530119895935059e-02,-3.579530119895935059e-02,-3.579530119895935059e-02,-3.579530119895935059e-02,-1.544972602277994156e-02,1.029357220977544785e-02,2.928412333130836487e-02,3.360961377620697021e-02,3.025789745151996613e-02,2.853857912123203278e-02,2.820888720452785492e-02,2.412589453160762787e-02,2.412589453160762787e-02,2.412589453160762787e-02,2.412589453160762787e-02,2.412589453160762787e-02
-2.801721729338169098e-02,-2.801721729338169098e-02,-2.801721729338169098e-02,-2.801721729338169098e-02,-2.801721729338169098e-02,-1.042239554226398468e-02,1.058556325733661652e-02,2.549062855541706085e-02,2.694307267665863037e-02,2.186192013323307037e-02,1.949755102396011353e-02,2.173913083970546722e-02,2.063734643161296844e-02,2.063734643161296844e-02,2.063734643161296844e-02,2.063734643161296844e-02,2.063734643161296844e-02
-4.126664623618125916e-02,-4.126664623618125916e-02,-4.126664623618125916e-02,-4.126664623618125916e-02,-4.126664623618125916e-02,-1.476850081235170364e-02,1.443001907318830490e-02,3.906210511922836304e-02,4.627357795834541321e-02,4.407422989606857300e-02,4.027521237730979919e-02,3.482124209403991699e-02,2.639518491923809052e-02,2.639518491923809052e-02,2.639518491923809052e-02,2.639518491923809052e-02,2.639518491923809052e-02
-2.894898504018783569e-02,-2.894898504018783569e-02,-2.894898504018783569e-02,-2.894898504018783569e-02,-2.894898504018783569e-02,-9.802215732634067535e-03,1.202056650072336197e-02,2.836595848202705383e-02,3.228272125124931335e-02,2.918577939271926880e-02,2.639545314013957977e-02,2.458497695624828339e-02,2.034299634397029877e-02,2.034299634397029877e-02,2.034299634397029877e-02,2.034299634397029877e-02,2.034299634397029877e-02
-2.450402453541755676e-02,-2.450402453541755676e-02,-2.450402453541755676e-02,-2.450402453541755676e-02,-2.450402453541755676e-02,-1.900297356769442558e-03,1.943753473460674286e-02,3.372406214475631714e-02,3.379433602094650269e-02,2.602312527596950531e-02,2.027367055416107178e-02,1.791342347860336304e-02,1.553280092775821686e-02,1.553280092775821686e-02,1.553280092775821686e-02,1.553280092775821686e-02,1.553280092775821686e-02
-2.205339819192886353e-02,-2.205339819192886353e-02,-2.205339819192886353e-02,-2.205339819192886353e-02,-2.205339819192886353e-02,4.694104136433452368e-04,2.013530023396015167e-02,3.322925046086311340e-02,3.355923667550086975e-02,2.982819266617298126e-02,2.746571041643619537e-02,2.418444491922855377e-02,1.791989244520664215e-02,1.791989244520664215e-02,1.791989244520664215e-02,1.791989244520664215e-02,1.791989244520664215e-02
-3.066536597907543182e-02,-3.066536597907543182e-02,-3.066536597907543182e-02,-3.066536597907543182e-02,-3.066536597907543182e-02,-8.189192973077297211e-03,1.609330996870994568e-02,3.654531016945838928e-02,4.282305762171745300e-02,4.025724530220031738e-02,3.643490746617317200e-02,2.889108099043369293e-02,1.822182163596153259e-02,1.822182163596153259e-02,1.822182163596153259e-02,1.822182163596153259e-02,1.822182163596153259e-02
-3.364457190036773682e-02,-3.364457190036773682e-02,-3.364457190036773682e-02,-3.364457190036773682e-02,-3.364457190036773682e-02,-1.157730259001255035e-02,1.343632582575082779e-02,3.512414172291755676e-02,4.078043997287750244e-02,3.717377409338951111e-02,3.154994174838066101e-02,2.666704170405864716e-02,1.997298188507556915e-02,1.997298188507556915e-02,1.997298188507556915e-02,1.997298188507556915e-02,1.997298188507556915e-02
0.000000000000000000e+00,0.000000000000000000e+00,0.000000000000000000e+00,0.000000000000000000e+00,0.000000000000000000e+00,0.000000000000000000e+00,0.000000000000000000e+00,0.000000000000000000e+00,0.000000000000000000e+00,0.000000000000000000e+00,0.000000000000000000e+00,0.000000000000000000e+00,0.000000000000000000e+00,0.000000000000000000e+00,0.000000000000000000e+00,0.000000000000000000e+00,0.000000000000000000e+00
-3.743857833595425717e-17,-3.743857833595425717e-17,-3.743857833595425717e-17,-3.743857833595425717e-17,1.387778780781445676e-17,1.387778780781445676e-17,1.387778780781445676e-17,1.387778780781445676e-17,1.387778780781445676e-17,1.387778780781445676e-17,1.387778780781445676e-17,1.387778780781445676e-17,1.387778780781445676e-17,-3.743857833595425717e-17,-3.743857833595425717e-17,-3.743857833595425717e-17,-3.743857833595425717e-17
4.468786343932151794e-02,4.468786343932151794e-02,4.468786343932151794e-02,4.468786343932151794e-02,4.468786343932151794e-02,6.788828969001770020e-02,6.475818157196044922e-02,2.949337288737297058e-02,8.730791741982102394e-04,-1.672395691275596619e-02,-2.342690154910087585e-02,-1.823584176599979401e-02,-7.749845273792743683e-03,-7.749845273792743683e-03,-7.749845273792743683e-03,-7.749845273792743683e-03,-7.749845273792743683e-03
3.178393468260765076e-02,3.178393468260765076e-02,3.178393468260765076e-02,3.178393468260765076e-02,3.178393468260765076e-02,4.260394349694252014e-02,3.594146668910980225e-02,1.130119338631629944e-02,-5.240736529231071472e-03,-1.423341967165470123e-02,-1.859449595212936401e-02,-1.558230351656675339e-02,-6.974495947360992432e-03,-6.974495947360992432e-03,-6.974495947360992432e-03,-6.974495947360992432e-03,-6.974495947360992432e-03
4.019495099782943726e-02,4.019495099782943726e-02,4.019495099782943726e-02,4.019495099782943726e-02,4.019495099782943726e-02,5.216882750391960144e-02,4.369567334651947021e-02,1.311478763818740845e-02,-6.130564492195844650e-03,-1.526993326842784882e-02,-1.944347843527793884e-02,-1.635310240089893341e-02,-8.390411734580993652e-03,-8.390411734580993652e-03,-8.390411734580993652e-03,-8.390411734580993652e-03,-8.390411734580993652e-03
2.147727832198143005e-02,2.147727832198143005e-02,2.147727832198143005e-02,2.147727832198143005e-02,2.147727832198143005e-02,2.851027622818946838e-02,2.732358314096927643e-02,1.083403918892145157e-02,-2.768557169474661350e-04,-4.789616912603378296e-03,-8.130141533911228180e-03,-7.158984430134296417e-03,-2.621541963890194893e-03,-2.621541963890194893e-03,-2.621541963890194893e-03,-2.621541963890194893e-03,-2.621541963890194893e-03
2.014652453362941742e-02,2.014652453362941742e-02,2.014652453362941742e-02,2.014652453362941742e-02,2.014652453362941742e-02,2.525207027792930603e-02,2.154755778610706329e-02,5.385491531342267990e-03,-4.357813391834497452e-03,-6.681468337774276733e-03,-4.943791311234235764e-03,-2.114238450303673744e-03,1.351238228380680084e-03,1.351238228380680084e-03,1.351238228380680084e-03,1.351238228380680084e-03,1.351238228380680084e-03
3.020791895687580109e-02,3.020791895687580109e-02,3.020791895687580109e-02,3.020791895687580109e-02,3.020791895687580109e-02,4.073462635278701782e-02,3.528177365660667419e-02,1.299062184989452362e-02,-1.609133323654532433e-03,-8.722241036593914032e-03,-1.184871699661016464e-02,-8.922256529331207275e-03,-2.661895006895065308e-03,-2.661895006895065308e-03,-2.661895006895065308e-03,-2.661895006895065308e-03,-2.661895006895065308e-03
2.068459242582321167e-02,2.068459242582321167e-02,2.068459242582321167e-02,2.068459242582321167e-02,2.068459242582321167e-02,2.590013481676578522e-02,2.276226878166198730e-02,8.766404353082180023e-03,-5.102045251987874508e-04,-4.882726818323135376e-03,-7.734252139925956726e-03,-7.224302738904953003e-03,-2.982006873935461044e-03,-2.982006873935461044e-03,-2.982006873935461044e-03,-2.982006873935461044e-03,-2.982006873935461044e-03
2.804999798536300659e-02,2.804999798536300659e-02,2.804999798536300659e-02,2.804999798536300659e-02,2.804999798536300659e-02,3.224838897585868835e-02,2.377967722713947296e-02,3.708589589223265648e-03,-1.017005648463964462e-02,-1.405009254813194275e-02,-1.060480251908302307e-02,-2.109262626618146896e-03,5.697519518435001373e-03,5.697519518435001373e-03,5.697519518435001373e-03,5.697519518435001373e-03,5.697519518435001373e-03
2.607171982526779175e-02,2.607171982526779175e-02,2.607171982526779175e-02,2.607171982526779175e-02,2.607171982526779175e-02,3.003866225481033325e-02,2.207348681986331940e-02,3.041308140382170677e-03,-7.045995444059371948e-03,-8.787083439528942108e-03,-7.841617800295352936e-03,-3.483068663626909256e-03,2.013042103499174118e-03,2.013042103499174118e-03,2.013042103499174118e-03,2.013042103499174118e-03,2.013042103499174118e-03
2.070737630128860474e-02,2.070737630128860474e-02,2.070737630128860474e-02,2.070737630128860474e-02,2.070737630128860474e-02,3.008804284036159515e-02,3.032680228352546692e-02,1.522094290703535080e-02,1.745895016938447952e-03,-7.437461987137794495e-03,-1.410355605185031891e-02,-1.452601049095392227e-02,-8.401537314057350159e-03,-8.401537314057350159e-03,-8.401537314057350159e-03,-8.401537314057350159e-03,-8.401537314057350159e-03
2.377223782241344452e-02,2.377223782241344452e-02,2.377223782241344452e-02,2.377223782241344452e-02,2.377223782241344452e-02,3.343028202652931213e-02,3.183185309171676636e-02,1.349333859980106354e-02,-1.889107050374150276e-03,-1.070200558751821518e-02,-1.302622538059949875e-02,-9.549839422106742859e-03,-2.584269968792796135e-03,-2.584269968792796135e-03,-2.584269968792796135e-03,-2.584269968792796135e-03,-2.584269968792796135e-03
