0.000000000000000000e+00,0.000000000000000000e+00,0.000000000000000000e+00,0.000000000000000000e+00,0.000000000000000000e+00,0.000000000000000000e+00,0.000000000000000000e+00,0.000000000000000000e+00,0.000000000000000000e+00,0.000000000000000000e+00,0.000000000000000000e+00,0.000000000000000000e+00,0.000000000000000000e+00,0.000000000000000000e+00,0.000000000000000000e+00,0.000000000000000000e+00,0.000000000000000000e+00,0.000000000000000000e+00,0.000000000000000000e+00,0.000000000000000000e+00,0.000000000000000000e+00,0.000000000000000000e+00,0.000000000000000000e+00
1.000000000000000000e+00,1.000000000000000000e+00,1.000000000000000000e+00,1.000000000000000000e+00,1.000000000000000000e+00,1.000000000000000000e+00,1.000000000000000000e+00,1.000000000000000000e+00,1.000000000000000000e+00,1.000000000000000000e+00,1.000000000000000000e+00,1.000000000000000000e+00,1.000000000000000000e+00,1.000000000000000000e+00,1.000000000000000000e+00,1.000000000000000000e+00,1.000000000000000000e+00,1.000000000000000000e+00,1.000000000000000000e+00,1.000000000000000000e+00,1.000000000000000000e+00,1.000000000000000000e+00,1.000000000000000000e+00
8.846845030784606934e-01,8.970248699188232422e-01,8.385762572288513184e-01,8.200993537902832031e-01,7.721839547157287598e-01,5.634824037551879883e-01,4.327118694782257080e-01,4.140927791595458984e-01,4.688752591609954834e-01,5.094883441925048828e-01,5.477883815765380859e-01,5.803295969963073730e-01,6.199455857276916504e-01,7.213339805603027344e-01,7.923824191093444824e-01,7.985185384750366211e-01,8.178648948669433594e-01,8.558865189552307129e-01,8.741158843040466309e-01,8.826940655708312988e-01,9.061920642852783203e-01,9.179932475090026855e-01,9.155137538909912109e-01
8.895897269248962402e-01,8.774258494377136230e-01,8.012948036193847656e-01,7.905029654502868652e-01,7.793486118316650391e-01,6.813214421272277832e-01,6.410086750984191895e-01,6.745918393135070801e-01,7.654883861541748047e-01,8.347407579421997070e-01,8.792635798454284668e-01,8.282872438430786133e-01,7.756441831588745117e-01,7.924646139144897461e-01,8.445521593093872070e-01,8.545318245887756348e-01,8.509057760238647461e-01,8.689701557159423828e-01,8.864570260047912598e-01,8.831936120986938477e-01,9.053506255149841309e-01,9.134712815284729004e-01,9.117988944053649902e-01
8.722435832023620605e-01,8.419823646545410156e-01,7.596679329872131348e-01,7.612738013267517090e-01,7.774165868759155273e-01,6.582114696502685547e-01,6.183460354804992676e-01,7.073950767517089844e-01,7.972540259361267090e-01,8.366169929504394531e-01,8.559453487396240234e-01,7.982932925224304199e-01,7.631692290306091309e-01,8.074403405189514160e-01,8.732575178146362305e-01,8.654849529266357422e-01,8.574115037918090820e-01,8.589063286781311035e-01,8.685924410820007324e-01,8.661557435989379883e-01,8.920002579689025879e-01,8.956782817840576172e-01,9.000421166419982910e-01
8.670413494110107422e-01,8.253592252731323242e-01,7.537683844566345215e-01,7.505152225494384766e-01,7.633967995643615723e-01,5.460624694824218750e-01,4.111405909061431885e-01,4.214719533920288086e-01,4.694504141807556152e-01,5.154180526733398438e-01,5.427737832069396973e-01,5.307633280754089355e-01,5.745923519134521484e-01,6.875431537628173828e-01,7.654708027839660645e-01,7.807678580284118652e-01,7.928853034973144531e-01,8.058184385299682617e-01,8.274663686752319336e-01,8.359197974205017090e-01,8.700677156448364258e-01,8.834645152091979980e-01,8.944461345672607422e-01
8.497859835624694824e-01,7.929508686065673828e-01,7.360185980796813965e-01,7.441542744636535645e-01,7.574494481086730957e-01,5.728980898857116699e-01,4.446796178817749023e-01,4.957625865936279297e-01,5.968445539474487305e-01,6.435700654983520508e-01,6.787439584732055664e-01,6.392427086830139160e-01,6.360008716583251953e-01,7.134323716163635254e-01,7.975288033485412598e-01,8.049176931381225586e-01,8.116069436073303223e-01,8.236015439033508301e-01,8.453983664512634277e-01,8.400691151618957520e-01,8.650891780853271484e-01,8.779848814010620117e-01,8.843733072280883789e-01
8.500910401344299316e-01,7.888264656066894531e-01,6.992325782775878906e-01,6.786074638366699219e-01,6.723666191101074219e-01,5.235367417335510254e-01,4.806664288043975830e-01,5.550681352615356445e-01,6.421502828598022461e-01,6.674682497978210449e-01,7.003095746040344238e-01,6.639477014541625977e-01,6.683167815208435059e-01,7.459994554519653320e-01,8.228223919868469238e-01,8.197379112243652344e-01,8.290830254554748535e-01,8.392630219459533691e-01,8.485733270645141602e-01,8.413488864898681641e-01,8.537687063217163086e-01,8.662121295928955078e-01,8.745738863945007324e-01
8.587402701377868652e-01,7.978000640869140625e-01,7.199347615242004395e-01,7.137076258659362793e-01,7.173213362693786621e-01,5.455204248428344727e-01,4.515546262264251709e-01,4.917062819004058838e-01,5.771438479423522949e-01,6.330552101135253906e-01,6.752303242683410645e-01,6.156166195869445801e-01,6.202651262283325195e-01,6.797896623611450195e-01,7.467827200889587402e-01,7.535974979400634766e-01,7.682972550392150879e-01,7.872207760810852051e-01,7.904646992683410645e-01,7.913207411766052246e-01,8.295211195945739746e-01,8.557328581809997559e-01,8.656488656997680664e-01
8.538841605186462402e-01,7.994760870933532715e-01,7.268762588500976562e-01,7.345137000083923340e-01,7.561242580413818359e-01,6.363990902900695801e-01,5.862060785293579102e-01,6.421486139297485352e-01,7.167474627494812012e-01,7.330716848373413086e-01,7.514869570732116699e-01,6.743687987327575684e-01,6.467800736427307129e-01,6.746646165847778320e-01,7.424263954162597656e-01,7.540789246559143066e-01,7.666538357734680176e-01,7.928776741027832031e-01,8.042082786560058594e-01,8.031007051467895508e-01,8.376612663269042969e-01,8.596183061599731445e-01,8.693597316741943359e-01
8.481320738792419434e-01,7.785384654998779297e-01,6.823505163192749023e-01,6.619759202003479004e-01,6.612353920936584473e-01,5.356429815292358398e-01,4.508211016654968262e-01,4.887860417366027832e-01,5.748544931411743164e-01,5.944389700889587402e-01,6.250976920127868652e-01,5.576767325401306152e-01,5.649288892745971680e-01,6.665119528770446777e-01,7.687173485755920410e-01,7.829859852790832520e-01,7.890584468841552734e-01,8.031931519508361816e-01,8.187550306320190430e-01,8.221625089645385742e-01,8.432835936546325684e-01,8.456399440765380859e-01,8.617376685142517090e-01
8.593972921371459961e-01,8.014267683029174805e-01,7.379514575004577637e-01,7.461267709732055664e-01,7.670598626136779785e-01,6.209667325019836426e-01,5.501602292060852051e-01,5.861710309982299805e-01,6.508693099021911621e-01,6.825091242790222168e-01,7.298073768615722656e-01,6.576735973358154297e-01,6.609899401664733887e-01,7.275511026382446289e-01,8.034062385559082031e-01,8.103160262107849121e-01,8.184678554534912109e-01,8.306484222412109375e-01,8.328354954719543457e-01,8.209313154220581055e-01,8.404857516288757324e-01,8.506503105163574219e-01,8.675682544708251953e-01
8.470423817634582520e-01,7.783201932907104492e-01,6.997591257095336914e-01,6.798976063728332520e-01,6.946692466735839844e-01,5.696112513542175293e-01,5.205254554748535156e-01,5.977945327758789062e-01,7.002099752426147461e-01,7.200899720191955566e-01,7.410797476768493652e-01,6.676670312881469727e-01,6.434621214866638184e-01,7.016104459762573242e-01,7.663831710815429688e-01,7.646616697311401367e-01,7.738515734672546387e-01,7.927820682525634766e-01,8.006342649459838867e-01,8.013162016868591309e-01,8.329906463623046875e-01,8.508647084236145020e-01,8.646779060363769531e-01
0.000000000000000000e+00,0.000000000000000000e+00,0.000000000000000000e+00,0.000000000000000000e+00,-0.000000000000000000e+00,-0.000000000000000000e+00,-0.000000000000000000e+00,-0.000000000000000000e+00,-0.000000000000000000e+00,-0.000000000000000000e+00,-0.000000000000000000e+00,-0.000000000000000000e+00,-0.000000000000000000e+00,-0.000000000000000000e+00,-0.000000000000000000e+00,-0.000000000000000000e+00,-0.000000000000000000e+00,-0.000000000000000000e+00,-0.000000000000000000e+00,0.000000000000000000e+00,0.000000000000000000e+00,0.000000000000000000e+00,0.000000000000000000e+00
-3.109246522005967991e-17,-3.109246522005967991e-17,-3.109246522005967991e-17,-3.109246522005967991e-17,-3.469446951953614189e-18,-3.469446951953614189e-18,-3.469446951953614189e-18,-3.469446951953614189e-18,-3.469446951953614189e-18,-3.469446951953614189e-18,-3.469446951953614189e-18,-3.469446951953614189e-18,-3.469446951953614189e-18,-3.469446951953614189e-18,-3.469446951953614189e-18,-3.469446951953614189e-18,-3.469446951953614189e-18,-3.469446951953614189e-18,-3.469446951953614189e-18,-3.109246522005967991e-17,-3.109246522005967991e-17,-3.109246522005967991e-17,-3.109246522005967991e-17
-6.967297941446304321e-02,-6.967297941446304321e-02,-6.967297941446304321e-02,-6.967297941446304321e-02,-6.967297941446304321e-02,-6.351223587989807129e-02,-4.751652479171752930e-02,-2.840150706470012665e-02,-3.881055163219571114e-03,2.674156986176967621e-02,4.555646330118179321e-02,5.006788298487663269e-02,4.822069406509399414e-02,4.674394801259040833e-02,4.341673105955123901e-02,3.777593746781349182e-02,3.083168528974056244e-02,2.254446782171726227e-02,1.757352240383625031e-02,1.757352240383625031e-02,1.757352240383625031e-02,1.757352240383625031e-02,1.757352240383625031e-02
-2.557768672704696655e-02,-2.557768672704696655e-02,-2.557768672704696655e-02,-2.557768672704696655e-02,-2.557768672704696655e-02,-1.080536376684904099e-02,6.835640408098697662e-03,1.470333896577358246e-02,1.771230623126029968e-02,2.116075344383716583e-02,1.969417184591293335e-02,1.281299255788326263e-02,4.929954651743173599e-03,2.887355396524071693e-03,6.056881975382566452e-03,1.185714546591043472e-02,1.482101343572139740e-02,1.265494804829359055e-02,9.481974877417087555e-03,9.481974877417087555e-03,9.481974877417087555e-03,9.481974877417087555e-03,9.481974877417087555e-03
-1.815710403025150299e-02,-1.815710403025150299e-02,-1.815710403025150299e-02,-1.815710403025150299e-02,-1.815710403025150299e-02,-2.925520064309239388e-03,1.166662853211164474e-02,1.532305497676134109e-02,1.612794212996959686e-02,2.119787968695163727e-02,2.022147364914417267e-02,1.182067580521106720e-02,6.183419842272996902e-03,5.633790511637926102e-03,7.982610724866390228e-03,1.124675665050745010e-02,1.125935930758714676e-02,7.028375286608934402e-03,4.569088574498891830e-03,4.569088574498891830e-03,4.569088574498891830e-03,4.569088574498891830e-03,4.569088574498891830e-03
-6.152889877557754517e-02,-6.152889877557754517e-02,-6.152889877557754517e-02,-6.152889877557754517e-02,-6.152889877557754517e-02,-5.171768739819526672e-02,-3.769588842988014221e-02,-2.573092654347419739e-02,-7.398379035294055939e-03,2.246973477303981781e-02,4.068605974316596985e-02,4.502189159393310547e-02,4.486604779958724976e-02,4.338039457798004150e-02,4.156243801116943359e-02,3.738688305020332336e-02,2.960121817886829376e-02,2.070601843297481537e-02,1.680762507021427155e-02,1.680762507021427155e-02,1.680762507021427155e-02,1.680762507021427155e-02,1.680762507021427155e-02
-4.428774490952491760e-02,-4.428774490952491760e-02,-4.428774490952491760e-02,-4.428774490952491760e-02,-4.428774490952491760e-02,-3.040997497737407684e-02,-1.548660825937986374e-02,-6.037564016878604889e-03,5.486262030899524689e-03,2.508267574012279510e-02,3.563985601067543030e-02,3.226091340184211731e-02,2.758086286485195160e-02,2.685987949371337891e-02,2.770652621984481812e-02,2.776524238288402557e-02,2.351144142448902130e-02,1.608308963477611542e-02,1.150019373744726181e-02,1.150019373744726181e-02,1.150019373744726181e-02,1.150019373744726181e-02,1.150019373744726181e-02
-3.542068228125572205e-02,-3.542068228125572205e-02,-3.542068228125572205e-02,-3.542068228125572205e-02,-3.542068228125572205e-02,-1.825764402747154236e-02,-9.668489219620823860e-04,7.908944971859455109e-03,1.594533212482929230e-02,2.881200611591339111e-02,3.317050263285636902e-02,2.876275032758712769e-02,2.552695572376251221e-02,2.565975859761238098e-02,2.523786574602127075e-02,2.405270189046859741e-02,1.831471547484397888e-02,1.060669776052236557e-02,6.631431169807910919e-03,6.631431169807910919e-03,6.631431169807910919e-03,6.631431169807910919e-03,6.631431169807910919e-03
-4.582690820097923279e-02,-4.582690820097923279e-02,-4.582690820097923279e-02,-4.582690820097923279e-02,-4.582690820097923279e-02,-2.995202504098415375e-02,-1.258240174502134323e-02,-3.632971085608005524e-03,6.846067961305379868e-03,2.315192669630050659e-02,3.023277409374713898e-02,2.658308669924736023e-02,2.222530543804168701e-02,2.163903973996639252e-02,2.242703363299369812e-02,2.416319958865642548e-02,2.154340781271457672e-02,1.749336533248424530e-02,1.514030620455741882e-02,1.514030620455741882e-02,1.514030620455741882e-02,1.514030620455741882e-02,1.514030620455741882e-02
-2.333306893706321716e-02,-2.333306893706321716e-02,-2.333306893706321716e-02,-2.333306893706321716e-02,-2.333306893706321716e-02,-1.084420550614595413e-02,3.518779994919896126e-04,1.156584476120769978e-03,1.633620238862931728e-03,7.232732605189085007e-03,8.729860186576843262e-03,5.053950473666191101e-03,4.080364946275949478e-03,8.996519260108470917e-03,1.475956197828054428e-02,2.079776301980018616e-02,2.185325883328914642e-02,1.935195550322532654e-02,1.627648994326591492e-02,1.627648994326591492e-02,1.627648994326591492e-02,1.627648994326591492e-02,1.627648994326591492e-02
-4.252932220697402954e-02,-4.252932220697402954e-02,-4.252932220697402954e-02,-4.252932220697402954e-02,-4.252932220697402954e-02,-2.692800201475620270e-02,-1.085401512682437897e-02,-4.733074922114610672e-03,2.251355908811092377e-03,1.756373047828674316e-02,2.913582138717174530e-02,3.070609085261821747e-02,3.030885569751262665e-02,3.302176669239997864e-02,3.459852933883666992e-02,3.521874919533729553e-02,2.834421768784523010e-02,1.747100614011287689e-02,1.145771332085132599e-02,1.145771332085132599e-02,1.145771332085132599e-02,1.145771332085132599e-02,1.145771332085132599e-02
-3.301035985350608826e-02,-3.301035985350608826e-02,-3.301035985350608826e-02,-3.301035985350608826e-02,-3.301035985350608826e-02,-2.122880145907402039e-02,-8.176768198609352112e-03,-4.029604606330394745e-03,2.357888268306851387e-03,1.634616404771804810e-02,2.387549914419651031e-02,2.292428724467754364e-02,2.118150144815444946e-02,2.177066355943679810e-02,2.214596234261989594e-02,2.316373027861118317e-02,1.795524731278419495e-02,1.065389346331357956e-02,6.866159848868846893e-03,6.866159848868846893e-03,6.866159848868846893e-03,6.866159848868846893e-03,6.866159848868846893e-03
-2.662767097353935242e-02,-2.662767097353935242e-02,-2.662767097353935242e-02,-2.662767097353935242e-02,-2.662767097353935242e-02,-9.498638100922107697e-03,5.418738815933465958e-03,9.515852667391300201e-03,1.087904814630746841e-02,1.795702613890171051e-02,1.881599985063076019e-02,1.219019107520580292e-02,8.547196164727210999e-03,1.176656968891620636e-02,1.562322210520505905e-02,1.993208006024360657e-02,1.923089846968650818e-02,1.494885422289371490e-02,1.297667250037193298e-02,1.297667250037193298e-02,1.297667250037193298e-02,1.297667250037193298e-02,1.297667250037193298e-02
0.000000000000000000e+00,0.000000000000000000e+00,0.000000000000000000e+00,0.000000000000000000e+00,0.000000000000000000e+00,0.000000000000000000e+00,0.000000000000000000e+00,0.000000000000000000e+00,0.000000000000000000e+00,0.000000000000000000e+00,0.000000000000000000e+00,0.000000000000000000e+00,0.000000000000000000e+00,0.000000000000000000e+00,0.000000000000000000e+00,0.000000000000000000e+00,0.000000000000000000e+00,0.000000000000000000e+00,0.000000000000000000e+00,0.000000000000000000e+00,0.000000000000000000e+00,0.000000000000000000e+00,0.000000000000000000e+00
-3.743857833595425717e-17,-3.743857833595425717e-17,-3.743857833595425717e-17,-3.743857833595425717e-17,1.387778780781445676e-17,1.387778780781445676e-17,1.387778780781445676e-17,1.387778780781445676e-17,1.387778780781445676e-17,1.387778780781445676e-17,1.387778780781445676e-17,1.387778780781445676e-17,1.387778780781445676e-17,1.387778780781445676e-17,1.387778780781445676e-17,1.387778780781445676e-17,1.387778780781445676e-17,1.387778780781445676e-17,1.387778780781445676e-17,-3.743857833595425717e-17,-3.743857833595425717e-17,-3.743857833595425717e-17,-3.743857833595425717e-17
-4.453197121620178223e-03,-4.453197121620178223e-03,-4.453197121620178223e-03,-4.453197121620178223e-03,-4.453197121620178223e-03,1.495263259857892990e-02,2.797366864979267120e-02,3.519310429692268372e-02,3.044139593839645386e-02,1.713210716843605042e-02,8.782224729657173157e-03,3.197559854015707970e-03,-1.380659086862578988e-04,-3.629808779805898666e-03,-7.187863346189260483e-03,-9.825208224356174469e-03,-8.342250250279903412e-03,-3.333161585032939911e-03,-2.151445718482136726e-03,-2.151445718482136726e-03,-2.151445718482136726e-03,-2.151445718482136726e-03,-2.151445718482136726e-03
1.095215603709220886e-02,1.095215603709220886e-02,1.095215603709220886e-02,1.095215603709220886e-02,1.095215603709220886e-02,2.037854120135307312e-02,2.208429761230945587e-02,1.602949574589729309e-02,2.113547874614596367e-03,-1.189621537923812866e-02,-1.368119008839130402e-02,-7.859466597437858582e-03,4.929728456772863865e-04,6.406728178262710571e-03,7.399559486657381058e-03,7.603309350088238716e-04,-2.961602760478854179e-03,-1.733440905809402466e-03,-2.624358967295847833e-05,-2.624358967295847833e-05,-2.624358967295847833e-05,-2.624358967295847833e-05,-2.624358967295847833e-05
1.490883529186248779e-02,1.490883529186248779e-02,1.490883529186248779e-02,1.490883529186248779e-02,1.490883529186248779e-02,2.003829181194305420e-02,1.784158125519752502e-02,1.067030709236860275e-02,-1.419222098775207996e-03,-1.336229126900434494e-02,-1.088099647313356400e-02,-1.967642223462462425e-03,4.006210248917341232e-03,4.739964380860328674e-03,2.203310141339898109e-03,-4.404634237289428711e-03,-5.060093943029642105e-03,-7.125397096388041973e-04,2.786437748000025749e-03,2.786437748000025749e-03,2.786437748000025749e-03,2.786437748000025749e-03,2.786437748000025749e-03
-1.037750975228846073e-03,-1.037750975228846073e-03,-1.037750975228846073e-03,-1.037750975228846073e-03,-1.037750975228846073e-03,1.264072023332118988e-02,2.301090583205223083e-02,2.841485477983951569e-02,2.609095908701419830e-02,1.365158706903457642e-02,8.041826076805591583e-03,6.651477888226509094e-03,3.787202527746558189e-03,-1.471755094826221466e-03,-7.549194619059562683e-03,-1.292806304991245270e-02,-9.650319814682006836e-03,-2.508363919332623482e-03,7.896089227870106697e-04,7.896089227870106697e-04,7.896089227870106697e-04,7.896089227870106697e-04,7.896089227870106697e-04
5.502563435584306717e-03,5.502563435584306717e-03,5.502563435584306717e-03,5.502563435584306717e-03,5.502563435584306717e-03,1.675137877464294434e-02,2.474512159824371338e-02,2.475229837000370026e-02,1.560315955430269241e-02,-1.178182574221864343e-04,-4.327401053160429001e-03,4.071981529705226421e-04,4.438052885234355927e-03,2.860013628378510475e-03,-9.253134485334157944e-04,-8.570144884288311005e-03,-8.994267322123050690e-03,-3.469711402431130409e-03,5.836355267092585564e-04,5.836355267092585564e-04,5.836355267092585564e-04,5.836355267092585564e-04,5.836355267092585564e-04
1.702823303639888763e-02,1.702823303639888763e-02,1.702823303639888763e-02,1.702823303639888763e-02,1.702823303639888763e-02,2.213037014007568359e-02,2.195663191378116608e-02,1.619695127010345459e-02,6.012108642607927322e-03,-5.050678271800279617e-03,-3.287530504167079926e-03,1.939468202181160450e-03,4.511867184191942215e-03,1.635030028410255909e-03,-2.515119500458240509e-03,-9.508040733635425568e-03,-9.580108337104320526e-03,-3.714395454153418541e-03,7.014356087893247604e-04,7.014356087893247604e-04,7.014356087893247604e-04,7.014356087893247604e-04,7.014356087893247604e-04
8.887621574103832245e-03,8.887621574103832245e-03,8.887621574103832245e-03,8.887621574103832245e-03,8.887621574103832245e-03,1.887204870581626892e-02,2.483180537819862366e-02,2.211760915815830231e-02,1.277549378573894501e-02,-2.161531709134578705e-03,-5.535459145903587341e-03,-1.520610880106687546e-03,3.410402918234467506e-03,4.508876707404851913e-03,9.688035934232175350e-04,-7.132117170840501785e-03,-6.420015823096036911e-03,-1.242331578396260738e-03,2.134956885129213333e-03,2.134956885129213333e-03,2.134956885129213333e-03,2.134956885129213333e-03,2.134956885129213333e-03
1.111774239689111710e-02,1.111774239689111710e-02,1.111774239689111710e-02,1.111774239689111710e-02,1.111774239689111710e-02,1.397360954433679581e-02,1.390662603080272675e-02,8.772813715040683746e-03,8.973569492809474468e-05,-1.041747070848941803e-02,-7.456808816641569138e-03,1.707320683635771275e-03,8.928169496357440948e-03,1.042464002966880798e-02,7.328035775572061539e-03,-2.056744880974292755e-03,-4.536150489002466202e-03,-2.162577817216515541e-03,8.129292982630431652e-04,8.129292982630431652e-04,8.129292982630431652e-04,8.129292982630431652e-04,8.129292982630431652e-04
1.312834024429321289e-02,1.312834024429321289e-02,1.312834024429321289e-02,1.312834024429321289e-02,1.312834024429321289e-02,1.822486519813537598e-02,1.966021582484245300e-02,1.493884064257144928e-02,7.503403816372156143e-03,2.400851808488368988e-04,2.225053496658802032e-03,7.668886799365282059e-03,9.894439950585365295e-03,4.989752080291509628e-03,-1.934513333253562450e-03,-1.207416225224733353e-02,-1.211108732968568802e-02,-5.657187197357416153e-03,-2.545711868151556700e-05,-2.545711868151556700e-05,-2.545711868151556700e-05,-2.545711868151556700e-05,-2.545711868151556700e-05
6.740192882716655731e-03,6.740192882716655731e-03,6.740192882716655731e-03,6.740192882716655731e-03,6.740192882716655731e-03,1.255734171718358994e-02,1.781324483454227448e-02,1.561850961297750473e-02,8.898673579096794128e-03,-1.809291425161063671e-03,-1.684441114775836468e-03,2.606186782941222191e-03,5.534391850233078003e-03,4.365073051303625107e-03,2.699702163226902485e-04,-9.493637830018997192e-03,-9.686126373708248138e-03,-4.411732777953147888e-03,8.849693695083260536e-04,8.849693695083260536e-04,8.849693695083260536e-04,8.849693695083260536e-04,8.849693695083260536e-04
1.744276471436023712e-02,1.744276471436023712e-02,1.744276471436023712e-02,1.744276471436023712e-02,1.744276471436023712e-02,2.052639797329902649e-02,1.889168843626976013e-02,1.029448024928569794e-02,-8.061719126999378204e-04,-1.144003588706254959e-02,-8.730659261345863342e-03,3.263418911956250668e-04,7.489874493330717087e-03,7.590319961309432983e-03,3.892504610121250153e-03,-4.744932986795902252e-03,-5.689503159373998642e-03,-1.049356185831129551e-03,2.188963582739233971e-03,2.188963582739233971e-03,2.188963582739233971e-03,2.188963582739233971e-03,2.188963582739233971e-03
