0.000000000000000000e+00,0.000000000000000000e+00,0.000000000000000000e+00,0.000000000000000000e+00,0.000000000000000000e+00,0.000000000000000000e+00,0.000000000000000000e+00,0.000000000000000000e+00,0.000000000000000000e+00,0.000000000000000000e+00,0.000000000000000000e+00,0.000000000000000000e+00,0.000000000000000000e+00,0.000000000000000000e+00,0.000000000000000000e+00,0.000000000000000000e+00,0.000000000000000000e+00
1.000000000000000000e+00,1.000000000000000000e+00,1.000000000000000000e+00,1.000000000000000000e+00,1.000000000000000000e+00,1.000000000000000000e+00,1.000000000000000000e+00,1.000000000000000000e+00,1.000000000000000000e+00,1.000000000000000000e+00,1.000000000000000000e+00,1.000000000000000000e+00,1.000000000000000000e+00,1.000000000000000000e+00,1.000000000000000000e+00,1.000000000000000000e+00,1.000000000000000000e+00
8.952603340148925781e-01,8.731273412704467773e-01,7.466729283332824707e-01,5.605997443199157715e-01,4.433669447898864746e-01,4.275833070278167725e-01,4.591142833232879639e-01,5.019714832305908203e-01,6.005410552024841309e-01,6.418201327323913574e-01,7.146779298782348633e-01,8.066481351852416992e-01,8.091934919357299805e-01,8.694467544555664062e-01,9.064851403236389160e-01,9.251077771186828613e-01,9.175688028335571289e-01
8.908830881118774414e-01,8.512337207794189453e-01,7.426678538322448730e-01,6.020198464393615723e-01,5.364108085632324219e-01,5.668418407440185547e-01,6.174407601356506348e-01,7.036889195442199707e-01,7.984418272972106934e-01,7.857616543769836426e-01,7.758309245109558105e-01,8.032570481300354004e-01,8.189800977706909180e-01,8.777344822883605957e-01,8.948512673377990723e-01,9.062201976776123047e-01,9.049032330513000488e-01
8.801869153976440430e-01,8.373725414276123047e-01,7.180754542350769043e-01,6.381005644798278809e-01,6.204592585563659668e-01,6.945248246192932129e-01,7.497164011001586914e-01,7.958168387413024902e-01,8.427439928054809570e-01,8.203080296516418457e-01,8.062806725502014160e-01,8.226104974746704102e-01,8.339373469352722168e-01,8.663732409477233887e-01,8.730806112289428711e-01,8.919895887374877930e-01,8.930855989456176758e-01
8.782351613044738770e-01,8.180648088455200195e-01,7.093381285667419434e-01,5.607210397720336914e-01,4.634627997875213623e-01,4.483887851238250732e-01,4.511181712150573730e-01,4.645698070526123047e-01,5.029047131538391113e-01,5.231322050094604492e-01,6.389989852905273438e-01,7.847872376441955566e-01,7.829014062881469727e-01,8.200362920761108398e-01,8.497565984725952148e-01,8.772000670433044434e-01,8.945779800415039062e-01
8.687134981155395508e-01,8.019219636917114258e-01,6.658404469490051270e-01,4.800949394702911377e-01,3.888673186302185059e-01,4.155211448669433594e-01,4.675216972827911377e-01,5.370827317237854004e-01,6.173259615898132324e-01,5.902501940727233887e-01,6.251557469367980957e-01,7.256199717521667480e-01,7.599395513534545898e-01,8.023740053176879883e-01,8.434747457504272461e-01,8.750129342079162598e-01,8.909152746200561523e-01
8.622851967811584473e-01,7.884070277214050293e-01,6.495944857597351074e-01,5.321882963180541992e-01,5.109557509422302246e-01,5.806511044502258301e-01,6.238300800323486328e-01,6.595768332481384277e-01,6.914933323860168457e-01,6.795067191123962402e-01,7.186862230300903320e-01,7.873170375823974609e-01,7.854326367378234863e-01,8.079312443733215332e-01,8.476948738098144531e-01,8.802855014801025391e-01,8.808250427246093750e-01
8.645863533020019531e-01,7.885328531265258789e-01,6.944623589515686035e-01,5.824140310287475586e-01,5.088171362876892090e-01,5.120678544044494629e-01,5.288318395614624023e-01,5.662493109703063965e-01,6.197188496589660645e-01,6.004938483238220215e-01,6.362717151641845703e-01,7.042894959449768066e-01,7.334665656089782715e-01,7.904337048530578613e-01,8.332404494285583496e-01,8.585181236267089844e-01,8.605687618255615234e-01
8.707778453826904297e-01,7.899565100669860840e-01,6.867486834526062012e-01,5.690355896949768066e-01,5.266106724739074707e-01,5.613182187080383301e-01,5.902374386787414551e-01,6.142904162406921387e-01,6.367220878601074219e-01,5.985212922096252441e-01,6.220322847366333008e-01,6.916939616203308105e-01,7.284032106399536133e-01,7.914565205574035645e-01,8.339815735816955566e-01,8.639619946479797363e-01,8.653042316436767578e-01
8.528460860252380371e-01,7.774133086204528809e-01,6.645019054412841797e-01,5.550453066825866699e-01,5.134403109550476074e-01,5.299187898635864258e-01,5.480518341064453125e-01,5.707017779350280762e-01,5.981367230415344238e-01,5.800507664680480957e-01,6.356030702590942383e-01,7.402834296226501465e-01,7.637597322463989258e-01,7.979259490966796875e-01,8.210725784301757812e-01,8.567681908607482910e-01,8.606566786766052246e-01
8.467158675193786621e-01,7.744421958923339844e-01,6.655083298683166504e-01,5.544568300247192383e-01,5.045416951179504395e-01,5.381537079811096191e-01,5.796517133712768555e-01,6.286430954933166504e-01,6.774626374244689941e-01,6.451263427734375000e-01,6.802211403846740723e-01,7.585671544075012207e-01,7.783996462821960449e-01,8.041790127754211426e-01,8.232297897338867188e-01,8.649575710296630859e-01,8.670711517333984375e-01
8.501229882240295410e-01,7.722913622856140137e-01,6.586582660675048828e-01,5.567970275878906250e-01,5.180974006652832031e-01,5.562717318534851074e-01,5.965782403945922852e-01,6.277827620506286621e-01,6.612570881843566895e-01,6.440169811248779297e-01,6.827802658081054688e-01,7.178055047988891602e-01,7.428560853004455566e-01,7.796998620033264160e-01,8.140965700149536133e-01,8.503076434135437012e-01,8.612546324729919434e-01
0.000000000000000000e+00,0.000000000000000000e+00,0.000000000000000000e+00,0.000000000000000000e+00,-0.000000000000000000e+00,-0.000000000000000000e+00,-0.000000000000000000e+00,-0.000000000000000000e+00,-0.000000000000000000e+00,-0.000000000000000000e+00,-0.000000000000000000e+00,-0.000000000000000000e+00,-0.000000000000000000e+00,0.000000000000000000e+00,0.000000000000000000e+00,0.000000000000000000e+00,0.000000000000000000e+00
-3.109246522005967991e-17,-3.109246522005967991e-17,-3.109246522005967991e-17,-3.109246522005967991e-17,-3.469446951953614189e-18,-3.469446951953614189e-18,-3.469446951953614189e-18,-3.469446951953614189e-18,-3.469446951953614189e-18,-3.469446951953614189e-18,-3.469446951953614189e-18,-3.469446951953614189e-18,-3.469446951953614189e-18,-3.109246522005967991e-17,-3.109246522005967991e-17,-3.109246522005967991e-17,-3.109246522005967991e-17
-5.000797286629676819e-02,-5.000797286629676819e-02,-5.000797286629676819e-02,-5.000797286629676819e-02,-5.000797286629676819e-02,-2.441889420151710510e-02,8.406959474086761475e-03,3.946711495518684387e-02,5.419127643108367920e-02,5.901969224214553833e-02,5.790070071816444397e-02,5.266910418868064880e-02,4.273978248238563538e-02,4.273978248238563538e-02,4.273978248238563538e-02,4.273978248238563538e-02,4.273978248238563538e-02
-1.830052770674228668e-02,-1.830052770674228668e-02,-1.830052770674228668e-02,-1.830052770674228668e-02,-1.830052770674228668e-02,3.163362620398402214e-03,2.241311408579349518e-02,3.570083156228065491e-02,3.730626404285430908e-02,3.374523296952247620e-02,2.817251160740852356e-02,2.210747078061103821e-02,1.832898892462253571e-02,1.832898892462253571e-02,1.832898892462253571e-02,1.832898892462253571e-02,1.832898892462253571e-02
-2.578877378255128860e-03,-2.578877378255128860e-03,-2.578877378255128860e-03,-2.578877378255128860e-03,-2.578877378255128860e-03,1.250728778541088104e-02,2.408841252326965332e-02,2.733496576547622681e-02,2.292981930077075958e-02,1.595300808548927307e-02,1.149692013859748840e-02,9.924799203872680664e-03,9.896229021251201630e-03,9.896229021251201630e-03,9.896229021251201630e-03,9.896229021251201630e-03,9.896229021251201630e-03
-5.317631736397743225e-02,-5.317631736397743225e-02,-5.317631736397743225e-02,-5.317631736397743225e-02,-5.317631736397743225e-02,-3.339463099837303162e-02,-4.984303843230009079e-03,2.706911228597164154e-02,4.535456374287605286e-02,5.430781468749046326e-02,5.804336071014404297e-02,5.714645609259605408e-02,5.142768099904060364e-02,5.142768099904060364e-02,5.142768099904060364e-02,5.142768099904060364e-02,5.142768099904060364e-02
-3.768798708915710449e-02,-3.768798708915710449e-02,-3.768798708915710449e-02,-3.768798708915710449e-02,-3.768798708915710449e-02,-1.332667656242847443e-02,1.243676431477069855e-02,3.650379553437232971e-02,4.638368263840675354e-02,4.682615399360656738e-02,4.533804953098297119e-02,4.315330833196640015e-02,4.103395715355873108e-02,4.103395715355873108e-02,4.103395715355873108e-02,4.103395715355873108e-02,4.103395715355873108e-02
-1.787873357534408569e-02,-1.787873357534408569e-02,-1.787873357534408569e-02,-1.787873357534408569e-02,-1.787873357534408569e-02,9.624451631680130959e-04,1.930538564920425415e-02,3.181801363825798035e-02,3.212579339742660522e-02,2.794335968792438507e-02,2.727018855512142181e-02,2.791724540293216705e-02,2.730491198599338531e-02,2.730491198599338531e-02,2.730491198599338531e-02,2.730491198599338531e-02,2.730491198599338531e-02
-3.413213044404983521e-02,-3.413213044404983521e-02,-3.413213044404983521e-02,-3.413213044404983521e-02,-3.413213044404983521e-02,-1.647835411131381989e-02,1.624362659640610218e-03,1.896007731556892395e-02,2.873978205025196075e-02,3.366668149828910828e-02,3.702464327216148376e-02,3.811191022396087646e-02,3.695923462510108948e-02,3.695923462510108948e-02,3.695923462510108948e-02,3.695923462510108948e-02,3.695923462510108948e-02
-2.773268707096576691e-02,-2.773268707096576691e-02,-2.773268707096576691e-02,-2.773268707096576691e-02,-2.773268707096576691e-02,-1.269473694264888763e-02,1.713108969852328300e-03,1.496315188705921173e-02,2.076863311231136322e-02,2.458612993359565735e-02,2.971682883799076080e-02,3.471177071332931519e-02,3.723853081464767456e-02,3.723853081464767456e-02,3.723853081464767456e-02,3.723853081464767456e-02,3.723853081464767456e-02
-3.161664679646492004e-02,-3.161664679646492004e-02,-3.161664679646492004e-02,-3.161664679646492004e-02,-3.161664679646492004e-02,-1.537702046334743500e-02,2.826614072546362877e-03,2.096316032111644745e-02,3.028038516640663147e-02,3.492970019578933716e-02,3.775390237569808960e-02,3.961633890867233276e-02,3.848022595047950745e-02,3.848022595047950745e-02,3.848022595047950745e-02,3.848022595047950745e-02,3.848022595047950745e-02
-2.170711010694503784e-02,-2.170711010694503784e-02,-2.170711010694503784e-02,-2.170711010694503784e-02,-2.170711010694503784e-02,-4.298632498830556870e-03,1.278651785105466843e-02,2.758726291358470917e-02,3.290490433573722839e-02,3.204919397830963135e-02,3.027058206498622894e-02,2.998072095215320587e-02,2.915928140282630920e-02,2.915928140282630920e-02,2.915928140282630920e-02,2.915928140282630920e-02,2.915928140282630920e-02
-2.189457975327968597e-02,-2.189457975327968597e-02,-2.189457975327968597e-02,-2.189457975327968597e-02,-2.189457975327968597e-02,-4.747479222714900970e-03,1.193297095596790314e-02,2.297086454927921295e-02,2.620457299053668976e-02,2.556857839226722717e-02,2.604685164988040924e-02,2.800099179148674011e-02,2.905648574233055115e-02,2.905648574233055115e-02,2.905648574233055115e-02,2.905648574233055115e-02,2.905648574233055115e-02
0.000000000000000000e+00,0.000000000000000000e+00,0.000000000000000000e+00,0.000000000000000000e+00,0.000000000000000000e+00,0.000000000000000000e+00,0.000000000000000000e+00,0.000000000000000000e+00,0.000000000000000000e+00,0.000000000000000000e+00,0.000000000000000000e+00,0.000000000000000000e+00,0.000000000000000000e+00,0.000000000000000000e+00,0.000000000000000000e+00,0.000000000000000000e+00,0.000000000000000000e+00
-3.743857833595425717e-17,-3.743857833595425717e-17,-3.743857833595425717e-17,-3.743857833595425717e-17,1.387778780781445676e-17,1.387778780781445676e-17,1.387778780781445676e-17,1.387778780781445676e-17,1.387778780781445676e-17,1.387778780781445676e-17,1.387778780781445676e-17,1.387778780781445676e-17,1.387778780781445676e-17,-3.743857833595425717e-17,-3.743857833595425717e-17,-3.743857833595425717e-17,-3.743857833595425717e-17
3.505494073033332825e-02,3.505494073033332825e-02,3.505494073033332825e-02,3.505494073033332825e-02,3.505494073033332825e-02,4.210954532027244568e-02,3.462939709424972534e-02,2.116982080042362213e-02,6.202805321663618088e-03,-1.015338115394115448e-03,-5.105376709252595901e-03,-7.838765159249305725e-03,-9.028606116771697998e-03,-9.028606116771697998e-03,-9.028606116771697998e-03,-9.028606116771697998e-03,-9.028606116771697998e-03
3.615978732705116272e-02,3.615978732705116272e-02,3.615978732705116272e-02,3.615978732705116272e-02,3.615978732705116272e-02,3.295596316456794739e-02,1.646272093057632446e-02,-9.332579211331903934e-04,-1.059314329177141190e-02,-8.723711594939231873e-03,-4.448422696441411972e-03,9.645227692089974880e-04,2.631210256367921829e-03,2.631210256367921829e-03,2.631210256367921829e-03,2.631210256367921829e-03,2.631210256367921829e-03
2.785333245992660522e-02,2.785333245992660522e-02,2.785333245992660522e-02,2.785333245992660522e-02,2.785333245992660522e-02,1.880080066621303558e-02,1.850799540989100933e-03,-9.133630432188510895e-03,-1.176174636930227280e-02,-5.619646050035953522e-03,-8.550481288693845272e-04,3.116852371022105217e-03,3.815911477431654930e-03,3.815911477431654930e-03,3.815911477431654930e-03,3.815911477431654930e-03,3.815911477431654930e-03
2.584975212812423706e-02,2.584975212812423706e-02,2.584975212812423706e-02,2.584975212812423706e-02,2.584975212812423706e-02,2.883384749293327332e-02,2.828314341604709625e-02,2.621106244623661041e-02,1.723044179379940033e-02,9.273108094930648804e-03,2.503832511138170958e-04,-7.738557644188404083e-03,-1.281002443283796310e-02,-1.281002443283796310e-02,-1.281002443283796310e-02,-1.281002443283796310e-02,-1.281002443283796310e-02
4.093597456812858582e-02,4.093597456812858582e-02,4.093597456812858582e-02,4.093597456812858582e-02,4.093597456812858582e-02,3.670243918895721436e-02,2.174472622573375702e-02,7.852691225707530975e-03,-2.121609286405146122e-04,-7.262372528202831745e-04,4.178911331109702587e-04,1.221364713273942471e-03,-9.440174326300621033e-04,-9.440174326300621033e-04,-9.440174326300621033e-04,-9.440174326300621033e-04,-9.440174326300621033e-04
3.098897077143192291e-02,3.098897077143192291e-02,3.098897077143192291e-02,3.098897077143192291e-02,3.098897077143192291e-02,2.175475656986236572e-02,7.821765728294849396e-03,-1.724114699754863977e-04,-3.159665735438466072e-03,-8.510671323165297508e-04,7.578337099403142929e-04,1.460168277844786644e-03,-8.992689545266330242e-04,-8.992689545266330242e-04,-8.992689545266330242e-04,-8.992689545266330242e-04,-8.992689545266330242e-04
2.700245194137096405e-02,2.700245194137096405e-02,2.700245194137096405e-02,2.700245194137096405e-02,2.700245194137096405e-02,2.385566942393779755e-02,1.646015793085098267e-02,9.291080757975578308e-03,3.784861415624618530e-03,3.853042144328355789e-03,4.118118435144424438e-03,3.388402983546257019e-03,-3.778920217882841825e-04,-3.778920217882841825e-04,-3.778920217882841825e-04,-3.778920217882841825e-04,-3.778920217882841825e-04
2.613768354058265686e-02,2.613768354058265686e-02,2.613768354058265686e-02,2.613768354058265686e-02,2.613768354058265686e-02,1.831663027405738831e-02,8.056293241679668427e-03,1.987211639061570168e-03,1.863799523562192917e-03,7.123489398509263992e-03,9.573709219694137573e-03,8.170752786099910736e-03,1.870966865681111813e-03,1.870966865681111813e-03,1.870966865681111813e-03,1.870966865681111813e-03,1.870966865681111813e-03
2.521796151995658875e-02,2.521796151995658875e-02,2.521796151995658875e-02,2.521796151995658875e-02,2.521796151995658875e-02,1.990853995084762573e-02,1.252036634832620621e-02,9.812793694436550140e-03,7.918289862573146820e-03,7.142554502934217453e-03,4.032387863844633102e-03,6.168274558149278164e-04,-4.706085193902254105e-03,-4.706085193902254105e-03,-4.706085193902254105e-03,-4.706085193902254105e-03,-4.706085193902254105e-03
3.002619370818138123e-02,3.002619370818138123e-02,3.002619370818138123e-02,3.002619370818138123e-02,3.002619370818138123e-02,2.270466275513172150e-02,1.124002784490585327e-02,3.567024134099483490e-03,-6.123645580373704433e-04,2.346887777093797922e-05,4.249487246852368116e-04,1.652221544645726681e-03,-7.462158100679516792e-04,-7.462158100679516792e-04,-7.462158100679516792e-04,-7.462158100679516792e-04,-7.462158100679516792e-04
2.769080549478530884e-02,2.769080549478530884e-02,2.769080549478530884e-02,2.769080549478530884e-02,2.769080549478530884e-02,2.022615261375904083e-02,9.676731191575527191e-03,1.198807498440146446e-03,-1.851444132626056671e-03,6.267621647566556931e-04,2.839350840076804161e-03,3.749662777408957481e-03,1.733491197228431702e-03,1.733491197228431702e-03,1.733491197228431702e-03,1.733491197228431702e-03,1.733491197228431702e-03
