0.000000000000000000e+00,0.000000000000000000e+00,0.000000000000000000e+00,0.000000000000000000e+00,0.000000000000000000e+00,0.000000000000000000e+00,0.000000000000000000e+00,0.000000000000000000e+00,0.000000000000000000e+00,0.000000000000000000e+00,0.000000000000000000e+00,0.000000000000000000e+00,0.000000000000000000e+00,0.000000000000000000e+00,0.000000000000000000e+00,0.000000000000000000e+00,0.000000000000000000e+00,0.000000000000000000e+00,0.000000000000000000e+00,0.000000000000000000e+00,0.000000000000000000e+00,0.000000000000000000e+00,0.000000000000000000e+00,0.000000000000000000e+00
1.000000000000000000e+00,1.000000000000000000e+00,1.000000000000000000e+00,1.000000000000000000e+00,1.000000000000000000e+00,1.000000000000000000e+00,1.000000000000000000e+00,8.541542291641235352e-01,7.452387213706970215e-01,7.289118170738220215e-01,7.432051897048950195e-01,8.534277677536010742e-01,1.000000000000000000e+00,1.000000000000000000e+00,1.000000000000000000e+00,1.000000000000000000e+00,1.000000000000000000e+00,1.000000000000000000e+00,1.000000000000000000e+00,1.000000000000000000e+00,1.000000000000000000e+00,1.000000000000000000e+00,1.000000000000000000e+00,1.000000000000000000e+00
7.691875696182250977e-01,7.204946875572204590e-01,6.811499595642089844e-01,5.485422015190124512e-01,2.928268611431121826e-01,2.454529106616973877e-01,4.090543091297149658e-01,4.779394567012786865e-01,5.232644677162170410e-01,6.170187592506408691e-01,6.203642487525939941e-01,6.416344046592712402e-01,7.130812406539916992e-01,7.378264665603637695e-01,7.781962156295776367e-01,7.913281917572021484e-01,7.911012768745422363e-01,8.024570345878601074e-01,8.134437799453735352e-01,8.194057345390319824e-01,8.173713684082031250e-01,8.168057799339294434e-01,8.230556845664978027e-01,8.323071002960205078e-01
8.179620504379272461e-01,7.925127148628234863e-01,8.189141154289245605e-01,8.020288944244384766e-01,6.948168873786926270e-01,7.424699664115905762e-01,9.727694392204284668e-01,1.000000000000000000e+00,1.000000000000000000e+00,1.000000000000000000e+00,1.000000000000000000e+00,1.000000000000000000e+00,9.498363733291625977e-01,8.823400735855102539e-01,8.975736498832702637e-01,8.711870908737182617e-01,8.609435558319091797e-01,8.691931366920471191e-01,8.758631944656372070e-01,8.818424940109252930e-01,9.023855924606323242e-01,9.004133343696594238e-01,9.063953757286071777e-01,9.093712568283081055e-01
7.768849134445190430e-01,7.263734340667724609e-01,6.710233092308044434e-01,5.126416087150573730e-01,3.379054069519042969e-01,3.442822992801666260e-01,5.364974737167358398e-01,6.104782819747924805e-01,5.878875851631164551e-01,5.659855008125305176e-01,5.727193951606750488e-01,6.836337447166442871e-01,7.826213836669921875e-01,7.905068993568420410e-01,8.203749656677246094e-01,8.382865786552429199e-01,8.612182140350341797e-01,8.768571019172668457e-01,8.842787742614746094e-01,9.070721864700317383e-01,9.256073236465454102e-01,9.301025867462158203e-01,9.417002797126770020e-01,9.428434371948242188e-01
7.138312458992004395e-01,6.805163025856018066e-01,7.045490741729736328e-01,5.495810508728027344e-01,2.329649925231933594e-01,1.727148443460464478e-01,3.036684989929199219e-01,2.942112386226654053e-01,3.101724684238433838e-01,3.455486893653869629e-01,3.371636867523193359e-01,4.001389145851135254e-01,5.768525004386901855e-01,6.872974038124084473e-01,7.250399589538574219e-01,7.570721507072448730e-01,7.972264885902404785e-01,8.075653910636901855e-01,8.262491822242736816e-01,8.485014438629150391e-01,8.660405874252319336e-01,8.710331916809082031e-01,8.795408606529235840e-01,8.832570314407348633e-01
6.668518185615539551e-01,5.853917002677917480e-01,5.530809164047241211e-01,4.330781400203704834e-01,1.929537951946258545e-01,2.040089368820190430e-01,4.765155613422393799e-01,4.912658929824829102e-01,4.671971499919891357e-01,4.701866805553436279e-01,4.816162288188934326e-01,5.693681240081787109e-01,6.595591306686401367e-01,6.865307092666625977e-01,7.136414051055908203e-01,7.232795953750610352e-01,7.413433194160461426e-01,7.523726224899291992e-01,7.839347124099731445e-01,8.177894353866577148e-01,8.442975282669067383e-01,8.335707783699035645e-01,8.506850004196166992e-01,8.695161342620849609e-01
6.752345561981201172e-01,5.886829495429992676e-01,5.025241971015930176e-01,4.116293787956237793e-01,2.655116617679595947e-01,3.452386558055877686e-01,6.001575589179992676e-01,5.523058176040649414e-01,5.225679874420166016e-01,5.149236321449279785e-01,4.952852725982666016e-01,5.685090422630310059e-01,6.655569672584533691e-01,7.346543073654174805e-01,7.784388661384582520e-01,7.793994545936584473e-01,7.751066684722900391e-01,7.711045145988464355e-01,8.021615147590637207e-01,8.385127782821655273e-01,8.640385270118713379e-01,8.543124198913574219e-01,8.712020516395568848e-01,8.813398480415344238e-01
7.064288854598999023e-01,6.627226471900939941e-01,6.609267592430114746e-01,6.364666223526000977e-01,5.874105095863342285e-01,6.766074299812316895e-01,9.054393768310546875e-01,8.436300158500671387e-01,7.491651773452758789e-01,6.280573010444641113e-01,6.303992271423339844e-01,7.380597591400146484e-01,7.706893682479858398e-01,7.573763728141784668e-01,7.839474678039550781e-01,7.861992716789245605e-01,7.708411812782287598e-01,7.714344859123229980e-01,8.067874312400817871e-01,8.209325075149536133e-01,8.390486240386962891e-01,8.469374179840087891e-01,8.678458333015441895e-01,8.801279664039611816e-01
6.650737524032592773e-01,6.101552248001098633e-01,6.036841869354248047e-01,5.568670630455017090e-01,4.048873782157897949e-01,3.833283483982086182e-01,4.871495962142944336e-01,4.215351641178131104e-01,3.901921510696411133e-01,3.961154818534851074e-01,3.942275941371917725e-01,4.539792537689208984e-01,6.067093014717102051e-01,6.840018630027770996e-01,7.165890336036682129e-01,7.200924754142761230e-01,7.211983799934387207e-01,7.486835122108459473e-01,7.837171554565429688e-01,7.867342233657836914e-01,7.924554347991943359e-01,7.985661029815673828e-01,8.228743672370910645e-01,8.355920910835266113e-01
6.499543786048889160e-01,5.881026387214660645e-01,5.383616685867309570e-01,4.958619475364685059e-01,4.101001918315887451e-01,4.510749280452728271e-01,6.187884211540222168e-01,6.233543157577514648e-01,5.653637051582336426e-01,5.660153627395629883e-01,5.634402632713317871e-01,5.901161432266235352e-01,6.801216006278991699e-01,7.199130058288574219e-01,7.421892285346984863e-01,7.213839888572692871e-01,7.233034968376159668e-01,7.324745655059814453e-01,7.582470774650573730e-01,7.708671689033508301e-01,7.871657609939575195e-01,7.940573096275329590e-01,8.143337368965148926e-01,8.175483942031860352e-01
7.009084820747375488e-01,6.570425629615783691e-01,6.278061270713806152e-01,5.917553901672363281e-01,5.339730381965637207e-01,5.584386587142944336e-01,7.167386412620544434e-01,7.052818536758422852e-01,6.579342484474182129e-01,6.780618429183959961e-01,7.135673165321350098e-01,7.340919971466064453e-01,7.665258646011352539e-01,7.393238544464111328e-01,7.742540240287780762e-01,7.572513818740844727e-01,7.478048205375671387e-01,7.611184120178222656e-01,7.877564430236816406e-01,7.986783385276794434e-01,8.217583298683166504e-01,8.260164260864257812e-01,8.401855230331420898e-01,8.507866859436035156e-01
7.116599678993225098e-01,6.486546397209167480e-01,6.435005664825439453e-01,5.891310572624206543e-01,5.010413527488708496e-01,5.674370527267456055e-01,7.376538515090942383e-01,6.724575161933898926e-01,5.869457721710205078e-01,5.843492746353149414e-01,6.060712337493896484e-01,6.329069733619689941e-01,6.975772380828857422e-01,7.259550690650939941e-01,7.643195986747741699e-01,7.510828971862792969e-01,7.537594437599182129e-01,7.718284130096435547e-01,8.040589690208435059e-01,8.190958499908447266e-01,8.271635174751281738e-01,8.230555057525634766e-01,8.467760682106018066e-01,8.490598797798156738e-01
0.000000000000000000e+00,0.000000000000000000e+00,0.000000000000000000e+00,0.000000000000000000e+00,-0.000000000000000000e+00,-0.000000000000000000e+00,-0.000000000000000000e+00,-0.000000000000000000e+00,-0.000000000000000000e+00,-0.000000000000000000e+00,-0.000000000000000000e+00,-0.000000000000000000e+00,-0.000000000000000000e+00,-0.000000000000000000e+00,-0.000000000000000000e+00,-0.000000000000000000e+00,-0.000000000000000000e+00,-0.000000000000000000e+00,-0.000000000000000000e+00,-0.000000000000000000e+00,0.000000000000000000e+00,0.000000000000000000e+00,0.000000000000000000e+00,0.000000000000000000e+00
-2.427637390792369843e-02,-2.427637390792369843e-02,-2.427637390792369843e-02,-2.427637390792369843e-02,-2.427637390792369843e-02,-3.567213565111160278e-02,-4.159686714410781860e-02,-3.589351847767829895e-02,-1.797581277787685394e-02,-5.810757647850550711e-05,1.785959675908088684e-02,3.577730059623718262e-02,4.154119268059730530e-02,3.579802811145782471e-02,2.444826625287532806e-02,9.771482087671756744e-03,-3.469446951953614189e-18,-3.469446951953614189e-18,-3.469446951953614189e-18,-3.469446951953614189e-18,-3.109246522005967991e-17,-3.109246522005967991e-17,-3.109246522005967991e-17,-3.109246522005967991e-17
-4.264397919178009033e-02,-4.264397919178009033e-02,-4.264397919178009033e-02,-4.264397919178009033e-02,-4.264397919178009033e-02,-1.520897075533866882e-02,1.092747692018747330e-02,3.687204793095588684e-02,5.718768760561943054e-02,5.510107800364494324e-02,4.434129595756530762e-02,3.921137750148773193e-02,3.343552723526954651e-02,2.697444520890712738e-02,2.440546266734600067e-02,1.923898607492446899e-02,1.239203847944736481e-02,8.532338775694370270e-03,5.422658752650022507e-03,4.873399157077074051e-03,4.873399157077074051e-03,4.873399157077074051e-03,4.873399157077074051e-03,4.873399157077074051e-03
2.664608880877494812e-02,2.664608880877494812e-02,2.664608880877494812e-02,2.664608880877494812e-02,2.664608880877494812e-02,3.411835804581642151e-02,3.643588349223136902e-02,3.749540820717811584e-02,3.078548610210418701e-02,8.178020827472209930e-03,-1.256817020475864410e-02,-1.846690289676189423e-02,-2.108628489077091217e-02,-2.083808928728103638e-02,-1.796510629355907440e-02,-1.262455899268388748e-02,-3.945178817957639694e-03,2.049322007223963737e-03,3.641651012003421783e-03,6.300915498286485672e-03,6.300915498286485672e-03,6.300915498286485672e-03,6.300915498286485672e-03,6.300915498286485672e-03
-2.568476274609565735e-02,-2.568476274609565735e-02,-2.568476274609565735e-02,-2.568476274609565735e-02,-2.568476274609565735e-02,-8.278224617242813110e-03,8.882938884198665619e-03,3.138678520917892456e-02,4.708115383982658386e-02,4.424021393060684204e-02,3.637852892279624939e-02,3.779400140047073364e-02,4.187349975109100342e-02,4.093403369188308716e-02,3.384801372885704041e-02,2.353782579302787781e-02,1.813362911343574524e-02,1.724519394338130951e-02,1.532904338091611862e-02,1.345821935683488846e-02,1.345821935683488846e-02,1.345821935683488846e-02,1.345821935683488846e-02,1.345821935683488846e-02
-6.586962938308715820e-02,-6.586962938308715820e-02,-6.586962938308715820e-02,-6.586962938308715820e-02,-6.586962938308715820e-02,-4.938393831253051758e-02,-3.009545430541038513e-02,1.116653322242200375e-03,3.626916930079460144e-02,5.194548144936561584e-02,5.754490941762924194e-02,6.698720902204513550e-02,7.076162844896316528e-02,6.817182153463363647e-02,6.148573383688926697e-02,4.757270961999893188e-02,3.155460208654403687e-02,2.283043786883354187e-02,1.897418312728404999e-02,1.530682761222124100e-02,1.530682761222124100e-02,1.530682761222124100e-02,1.530682761222124100e-02,1.530682761222124100e-02
-2.438659965991973877e-02,-2.438659965991973877e-02,-2.438659965991973877e-02,-2.438659965991973877e-02,-2.438659965991973877e-02,-5.308901891112327576e-03,1.102017518132925034e-02,3.223640471696853638e-02,4.919368401169776917e-02,4.416402056813240051e-02,3.363671898841857910e-02,3.796697407960891724e-02,4.061793908476829529e-02,3.783050552010536194e-02,3.264341130852699280e-02,2.543662860989570618e-02,2.170682325959205627e-02,2.019566111266613007e-02,1.917288638651371002e-02,1.892883889377117157e-02,1.892883889377117157e-02,1.892883889377117157e-02,1.892883889377117157e-02,1.892883889377117157e-02
-9.848694317042827606e-03,-9.848694317042827606e-03,-9.848694317042827606e-03,-9.848694317042827606e-03,-9.848694317042827606e-03,6.351547781378030777e-03,1.670178212225437164e-02,2.631033025681972504e-02,3.371442854404449463e-02,2.931640855967998505e-02,2.666223421692848206e-02,3.809533640742301941e-02,4.226724430918693542e-02,3.998083993792533875e-02,3.498559817671775818e-02,2.598994597792625427e-02,1.907753385603427887e-02,1.467854902148246765e-02,1.401772722601890564e-02,1.540567539632320404e-02,1.540567539632320404e-02,1.540567539632320404e-02,1.540567539632320404e-02,1.540567539632320404e-02
2.071388810873031616e-02,2.071388810873031616e-02,2.071388810873031616e-02,2.071388810873031616e-02,2.071388810873031616e-02,1.430682558566331863e-02,5.719897337257862091e-03,4.699403885751962662e-03,2.530323574319481850e-03,-6.851345300674438477e-03,-9.861295111477375031e-03,4.559203051030635834e-03,1.479238364845514297e-02,1.840619556605815887e-02,1.391339208930730820e-02,7.579918485134840012e-03,8.250342682003974915e-03,1.048267260193824768e-02,1.172867976129055023e-02,1.416659634560346603e-02,1.416659634560346603e-02,1.416659634560346603e-02,1.416659634560346603e-02,1.416659634560346603e-02
-3.453323990106582642e-02,-3.453323990106582642e-02,-3.453323990106582642e-02,-3.453323990106582642e-02,-3.453323990106582642e-02,-2.808394469320774078e-02,-2.185441181063652039e-02,-8.581896312534809113e-03,1.346627902239561081e-02,2.717161364853382111e-02,3.660093247890472412e-02,4.936124011874198914e-02,5.284502357244491577e-02,5.055484548211097717e-02,4.511899501085281372e-02,3.326693549752235413e-02,2.023381553590297699e-02,1.469430699944496155e-02,1.401878427714109421e-02,1.459216512739658356e-02,1.459216512739658356e-02,1.459216512739658356e-02,1.459216512739658356e-02,1.459216512739658356e-02
-1.942352973856031895e-03,-1.942352973856031895e-03,-1.942352973856031895e-03,-1.942352973856031895e-03,-1.942352973856031895e-03,7.605499587953090668e-03,1.322635076940059662e-02,1.689155213534832001e-02,2.215290069580078125e-02,1.984920166432857513e-02,1.728159748017787933e-02,2.245119772851467133e-02,2.641933038830757141e-02,2.450049668550491333e-02,2.156895585358142853e-02,1.606029830873012543e-02,1.040409039705991745e-02,9.423612616956233978e-03,1.121191866695880890e-02,1.349720824509859085e-02,1.349720824509859085e-02,1.349720824509859085e-02,1.349720824509859085e-02,1.349720824509859085e-02
1.956153893843293190e-03,1.956153893843293190e-03,1.956153893843293190e-03,1.956153893843293190e-03,1.956153893843293190e-03,9.738000109791755676e-03,1.661216281354427338e-02,2.147618681192398071e-02,2.372681163251399994e-02,1.643593050539493561e-02,1.009001489728689194e-02,1.220533344894647598e-02,1.206093654036521912e-02,8.149761706590652466e-03,5.972019862383604050e-03,5.652950145304203033e-03,7.164419628679752350e-03,1.020147930830717087e-02,1.092480123043060303e-02,1.358468737453222275e-02,1.358468737453222275e-02,1.358468737453222275e-02,1.358468737453222275e-02,1.358468737453222275e-02
-4.347259644418954849e-03,-4.347259644418954849e-03,-4.347259644418954849e-03,-4.347259644418954849e-03,-4.347259644418954849e-03,-3.936737775802612305e-04,1.879443763755261898e-03,6.221828050911426544e-03,1.052133087068796158e-02,7.564443163573741913e-03,8.949604816734790802e-03,2.035567723214626312e-02,2.628334052860736847e-02,2.493458986282348633e-02,2.243679203093051910e-02,1.908978633582592010e-02,1.496652886271476746e-02,1.272098254412412643e-02,1.233032159507274628e-02,1.327527593821287155e-02,1.327527593821287155e-02,1.327527593821287155e-02,1.327527593821287155e-02,1.327527593821287155e-02
0.000000000000000000e+00,0.000000000000000000e+00,0.000000000000000000e+00,0.000000000000000000e+00,0.000000000000000000e+00,0.000000000000000000e+00,0.000000000000000000e+00,0.000000000000000000e+00,0.000000000000000000e+00,0.000000000000000000e+00,0.000000000000000000e+00,0.000000000000000000e+00,0.000000000000000000e+00,0.000000000000000000e+00,0.000000000000000000e+00,0.000000000000000000e+00,0.000000000000000000e+00,0.000000000000000000e+00,0.000000000000000000e+00,0.000000000000000000e+00,0.000000000000000000e+00,0.000000000000000000e+00,0.000000000000000000e+00,0.000000000000000000e+00
-1.764986105263233185e-02,-1.764986105263233185e-02,-1.764986105263233185e-02,-1.764986105263233185e-02,-1.764986105263233185e-02,-1.776413805782794952e-02,-9.892649017274379730e-03,7.608174346387386322e-03,2.859622426331043243e-02,3.562242537736892700e-02,2.868678234517574310e-02,7.789288647472858429e-03,-9.707460179924964905e-03,-1.778236962854862213e-02,-1.778411306440830231e-02,-8.883165195584297180e-03,1.387778780781445676e-17,1.387778780781445676e-17,1.387778780781445676e-17,1.387778780781445676e-17,-3.743857833595425717e-17,-3.743857833595425717e-17,-3.743857833595425717e-17,-3.743857833595425717e-17
3.571776673197746277e-02,3.571776673197746277e-02,3.571776673197746277e-02,3.571776673197746277e-02,3.571776673197746277e-02,4.508308693766593933e-02,3.808189928531646729e-02,1.603744737803936005e-02,-6.363396998494863510e-03,-1.158416178077459335e-02,-4.202983342111110687e-03,-3.658667206764221191e-03,-4.849077668040990829e-03,-4.212913103401660919e-03,-7.224564440548419952e-03,-6.995866075158119202e-03,-4.104319959878921509e-03,-3.276194911450147629e-03,-1.334053697064518929e-03,-6.605797098018229008e-04,-6.605797098018229008e-04,-6.605797098018229008e-04,-6.605797098018229008e-04,-6.605797098018229008e-04
1.940311677753925323e-02,1.940311677753925323e-02,1.940311677753925323e-02,1.940311677753925323e-02,1.940311677753925323e-02,1.148951705545186996e-02,1.965117175132036209e-03,-1.116085052490234375e-02,-2.496661059558391571e-02,-2.391142398118972778e-02,-8.772086352109909058e-03,-5.475508514791727066e-03,-2.104694256559014320e-03,2.904208144173026085e-03,7.274561095982789993e-03,8.962525986135005951e-03,6.966803688555955887e-03,3.426398150622844696e-03,3.291846020147204399e-03,4.395567812025547028e-04,4.395567812025547028e-04,4.395567812025547028e-04,4.395567812025547028e-04,4.395567812025547028e-04
3.589959070086479187e-02,3.589959070086479187e-02,3.589959070086479187e-02,3.589959070086479187e-02,3.589959070086479187e-02,3.087223507463932037e-02,1.733325235545635223e-02,2.735561691224575043e-03,-4.461490083485841751e-03,-8.549682679586112499e-04,8.955276571214199066e-03,6.185815203934907913e-03,-3.144386457279324532e-03,-1.038805674761533737e-02,-1.196606177836656570e-02,-5.375888664275407791e-03,-6.614272133447229862e-04,-1.676448737271130085e-03,-1.277373754419386387e-03,-1.889859326183795929e-03,-1.889859326183795929e-03,-1.889859326183795929e-03,-1.889859326183795929e-03,-1.889859326183795929e-03
2.270806580781936646e-02,2.270806580781936646e-02,2.270806580781936646e-02,2.270806580781936646e-02,2.270806580781936646e-02,3.572611510753631592e-02,3.696461394429206848e-02,2.189919911324977875e-02,9.694459848105907440e-03,1.466125622391700745e-02,1.982301846146583557e-02,1.055973954498767853e-02,4.424677172210067511e-04,-1.062312349677085876e-02,-1.951996423304080963e-02,-1.773859933018684387e-02,-8.229616098105907440e-03,-3.948403522372245789e-03,-3.591463435441255569e-03,-3.249253379181027412e-03,-3.249253379181027412e-03,-3.249253379181027412e-03,-3.249253379181027412e-03,-3.249253379181027412e-03
3.541914746165275574e-02,3.541914746165275574e-02,3.541914746165275574e-02,3.541914746165275574e-02,3.541914746165275574e-02,2.996153943240642548e-02,1.875147782266139984e-02,3.308412618935108185e-03,-8.808852173388004303e-03,-2.448052400723099709e-03,1.136399339884519577e-02,4.831300582736730576e-03,-4.134473390877246857e-03,-1.000828482210636139e-02,-1.030132360756397247e-02,-3.824004903435707092e-03,1.611827756278216839e-03,3.521275939419865608e-04,-7.737749838270246983e-04,-2.122955163940787315e-03,-2.122955163940787315e-03,-2.122955163940787315e-03,-2.122955163940787315e-03,-2.122955163940787315e-03
3.144361078739166260e-02,3.144361078739166260e-02,3.144361078739166260e-02,3.144361078739166260e-02,3.144361078739166260e-02,1.892640255391597748e-02,1.858207397162914276e-03,-9.186784736812114716e-03,-1.058798190206289291e-02,5.472960416227579117e-03,2.116961032152175903e-02,1.145816687494516373e-02,-5.618126015178859234e-04,-1.108820736408233643e-02,-1.542682945728302002e-02,-9.466868825256824493e-03,-1.438659033738076687e-03,1.752084121108055115e-03,2.394032431766390800e-03,-1.604550634510815144e-04,-1.604550634510815144e-04,-1.604550634510815144e-04,-1.604550634510815144e-04,-1.604550634510815144e-04
1.017251983284950256e-02,1.017251983284950256e-02,1.017251983284950256e-02,1.017251983284950256e-02,1.017251983284950256e-02,-1.025733258575201035e-02,-2.085851691663265228e-02,-1.823980174958705902e-02,-9.435562416911125183e-03,6.963611580431461334e-03,2.276854030787944794e-02,1.451047137379646301e-02,6.688287248834967613e-04,-1.033760420978069305e-02,-7.455180864781141281e-03,6.671898881904780865e-04,3.243180224671959877e-03,2.546165371313691139e-03,3.456847043707966805e-03,1.695094048045575619e-03,1.695094048045575619e-03,1.695094048045575619e-03,1.695094048045575619e-03,1.695094048045575619e-03
8.574757725000381470e-03,8.574757725000381470e-03,8.574757725000381470e-03,8.574757725000381470e-03,8.574757725000381470e-03,9.684633463621139526e-03,1.044610328972339630e-02,9.342939592897891998e-03,1.175527833402156830e-02,2.008808963000774384e-02,2.409538254141807556e-02,1.077184267342090607e-02,-3.103912342339754105e-03,-1.235136203467845917e-02,-1.606829836964607239e-02,-1.262501254677772522e-02,-4.164163954555988312e-03,-1.161544583737850189e-03,-3.248698194511234760e-04,-1.168697723187506199e-03,-1.168697723187506199e-03,-1.168697723187506199e-03,-1.168697723187506199e-03,-1.168697723187506199e-03
1.937656663358211517e-02,1.937656663358211517e-02,1.937656663358211517e-02,1.937656663358211517e-02,1.937656663358211517e-02,9.902697987854480743e-03,-3.488776565063744783e-04,-7.602218538522720337e-03,-6.861126516014337540e-03,3.598038805648684502e-03,1.433619484305381775e-02,7.738618180155754089e-03,-2.648238791152834892e-03,-8.018660359084606171e-03,-9.324358776211738586e-03,-6.026067305356264114e-03,7.237046374939382076e-04,2.863189205527305603e-03,2.998326905071735382e-03,-1.040027491399087012e-04,-1.040027491399087012e-04,-1.040027491399087012e-04,-1.040027491399087012e-04,-1.040027491399087012e-04
1.427434943616390228e-02,1.427434943616390228e-02,1.427434943616390228e-02,1.427434943616390228e-02,1.427434943616390228e-02,7.740121800452470779e-03,2.367742825299501419e-03,-3.269633976742625237e-03,-5.749548785388469696e-03,-3.618078771978616714e-03,4.732450470328330994e-03,-4.464525845833122730e-04,-6.219201255589723587e-03,-5.159805528819561005e-03,-1.164430403150618076e-03,1.675280160270631313e-03,4.271658137440681458e-03,2.656421856954693794e-03,3.158015431836247444e-03,2.350685972487553954e-04,2.350685972487553954e-04,2.350685972487553954e-04,2.350685972487553954e-04,2.350685972487553954e-04
1.055633276700973511e-02,1.055633276700973511e-02,1.055633276700973511e-02,1.055633276700973511e-02,1.055633276700973511e-02,1.380878500640392303e-03,-2.884867833927273750e-03,-6.958401761949062347e-03,-4.092430230230093002e-03,8.334212936460971832e-03,1.894627697765827179e-02,8.691322058439254761e-03,-2.440595068037509918e-03,-6.388477515429258347e-03,-5.822375416755676270e-03,-3.557872259989380836e-03,-7.818400263204239309e-06,6.875899271108210087e-05,7.692033541388809681e-04,-1.870182459242641926e-03,-1.870182459242641926e-03,-1.870182459242641926e-03,-1.870182459242641926e-03,-1.870182459242641926e-03
