0.000000000000000000e+00,0.000000000000000000e+00,0.000000000000000000e+00,0.000000000000000000e+00,0.000000000000000000e+00,0.000000000000000000e+00,0.000000000000000000e+00,0.000000000000000000e+00,0.000000000000000000e+00,0.000000000000000000e+00,0.000000000000000000e+00,0.000000000000000000e+00,0.000000000000000000e+00,0.000000000000000000e+00,0.000000000000000000e+00,0.000000000000000000e+00
1.000000000000000000e+00,1.000000000000000000e+00,1.000000000000000000e+00,9.963293075561523438e-01,1.000000000000000000e+00,1.000000000000000000e+00,1.000000000000000000e+00,1.000000000000000000e+00,1.000000000000000000e+00,1.000000000000000000e+00,1.000000000000000000e+00,1.000000000000000000e+00,1.000000000000000000e+00,1.000000000000000000e+00,1.000000000000000000e+00,1.000000000000000000e+00
6.896733045578002930e-01,7.825756072998046875e-01,8.851945400238037109e-01,7.316337823867797852e-01,5.626901984214782715e-01,3.048698604106903076e-01,1.822130382061004639e-01,4.005250930786132812e-01,6.130565404891967773e-01,6.931869387626647949e-01,7.520323395729064941e-01,7.803144454956054688e-01,8.051552772521972656e-01,8.079915642738342285e-01,7.860611081123352051e-01,7.951651215553283691e-01
6.915432214736938477e-01,7.591891884803771973e-01,9.523909687995910645e-01,1.000000000000000000e+00,9.804890155792236328e-01,8.145917654037475586e-01,6.229120492935180664e-01,6.715462207794189453e-01,7.940122485160827637e-01,8.905109763145446777e-01,8.988655209541320801e-01,8.460476994514465332e-01,8.487986922264099121e-01,8.655952811241149902e-01,8.921881318092346191e-01,9.258326888084411621e-01
6.552028059959411621e-01,7.273449301719665527e-01,7.212992906570434570e-01,6.319210529327392578e-01,5.459103584289550781e-01,4.069229960441589355e-01,2.270596325397491455e-01,3.011822998523712158e-01,4.072314798831939697e-01,4.894729852676391602e-01,5.758139491081237793e-01,6.527124643325805664e-01,7.370373606681823730e-01,7.902527451515197754e-01,8.143545389175415039e-01,8.502748012542724609e-01
6.440702676773071289e-01,7.111856341361999512e-01,6.765589714050292969e-01,4.992476403713226318e-01,4.087827801704406738e-01,2.550171315670013428e-01,1.048702150583267212e-01,2.025765180587768555e-01,3.652352988719940186e-01,4.466033279895782471e-01,5.417767167091369629e-01,6.014275550842285156e-01,6.691607236862182617e-01,7.430937886238098145e-01,7.945705652236938477e-01,8.349650502204895020e-01
5.589858293533325195e-01,6.047993898391723633e-01,6.431378722190856934e-01,5.350579619407653809e-01,4.553685784339904785e-01,3.078052997589111328e-01,1.556887328624725342e-01,2.707971036434173584e-01,4.569771885871887207e-01,5.250409245491027832e-01,6.082072257995605469e-01,6.287901997566223145e-01,6.675033569335937500e-01,7.388513088226318359e-01,7.897701263427734375e-01,8.146020174026489258e-01
5.970649123191833496e-01,6.173834800720214844e-01,6.428108811378479004e-01,5.817859768867492676e-01,5.813266634941101074e-01,4.850348234176635742e-01,2.790302932262420654e-01,2.990909218788146973e-01,3.552368283271789551e-01,4.279523491859436035e-01,5.483016967773437500e-01,5.999155044555664062e-01,6.441109180450439453e-01,7.142809629440307617e-01,7.519965767860412598e-01,7.990455627441406250e-01
5.514261722564697266e-01,6.216232776641845703e-01,7.252684831619262695e-01,6.581143140792846680e-01,6.740240454673767090e-01,5.833950042724609375e-01,3.909437060356140137e-01,4.061622917652130127e-01,4.227234423160552979e-01,4.306174814701080322e-01,5.030655860900878906e-01,5.694103240966796875e-01,6.259393692016601562e-01,6.837052106857299805e-01,7.444283366203308105e-01,7.926321029663085938e-01
5.770211219787597656e-01,6.245971322059631348e-01,6.886838078498840332e-01,5.768079757690429688e-01,4.636622369289398193e-01,2.933336794376373291e-01,1.203721538186073303e-01,2.084440141916275024e-01,3.038050234317779541e-01,3.765924572944641113e-01,5.131346583366394043e-01,5.994149446487426758e-01,6.701281666755676270e-01,7.228562235832214355e-01,7.488457560539245605e-01,7.699194550514221191e-01
5.487409830093383789e-01,6.215568184852600098e-01,7.594801187515258789e-01,6.976526975631713867e-01,6.203249692916870117e-01,4.904168844223022461e-01,3.279011249542236328e-01,4.041763246059417725e-01,4.842134714126586914e-01,4.921793341636657715e-01,5.532159209251403809e-01,5.840802192687988281e-01,6.282818317413330078e-01,6.863334178924560547e-01,7.357354760169982910e-01,7.680976390838623047e-01
5.590069293975830078e-01,6.082863211631774902e-01,7.011817693710327148e-01,6.205337047576904297e-01,6.024550199508666992e-01,4.378599226474761963e-01,2.403469532728195190e-01,3.113141059875488281e-01,4.263234436511993408e-01,4.892053604125976562e-01,5.506954789161682129e-01,5.895376205444335938e-01,6.479439139366149902e-01,6.949090957641601562e-01,7.480311989784240723e-01,7.976711392402648926e-01
5.660321712493896484e-01,6.502809524536132812e-01,7.718797326087951660e-01,7.395324110984802246e-01,7.187492847442626953e-01,6.085754632949829102e-01,4.357904195785522461e-01,4.483163356781005859e-01,5.058280229568481445e-01,5.458142757415771484e-01,5.930331349372863770e-01,6.608983874320983887e-01,7.016735076904296875e-01,7.434921264648437500e-01,7.642772793769836426e-01,7.975388169288635254e-01
0.000000000000000000e+00,0.000000000000000000e+00,0.000000000000000000e+00,0.000000000000000000e+00,-0.000000000000000000e+00,-0.000000000000000000e+00,-0.000000000000000000e+00,-0.000000000000000000e+00,-0.000000000000000000e+00,-0.000000000000000000e+00,-0.000000000000000000e+00,-0.000000000000000000e+00,0.000000000000000000e+00,0.000000000000000000e+00,0.000000000000000000e+00,0.000000000000000000e+00
6.117820885265246034e-05,6.117820885265246034e-05,6.117820885265246034e-05,6.117820885265246034e-05,6.117820885265246034e-05,1.223564177053049207e-04,1.835346192819997668e-04,2.447128354106098413e-04,-3.469446951953614189e-18,-3.469446951953614189e-18,-3.469446951953614189e-18,-3.469446951953614189e-18,-3.109246522005967991e-17,-3.109246522005967991e-17,-3.109246522005967991e-17,-3.109246522005967991e-17
-5.475575849413871765e-02,-5.475575849413871765e-02,-5.475575849413871765e-02,-5.475575849413871765e-02,-5.475575849413871765e-02,-3.694438561797142029e-02,-7.526690140366554260e-03,3.283711150288581848e-02,6.380823999643325806e-02,7.966446876525878906e-02,6.848527491092681885e-02,3.967176750302314758e-02,3.967176750302314758e-02,3.967176750302314758e-02,3.967176750302314758e-02,3.967176750302314758e-02
-1.162364799529314041e-02,-1.162364799529314041e-02,-1.162364799529314041e-02,-1.162364799529314041e-02,-1.162364799529314041e-02,-1.607222482562065125e-02,-1.764279976487159729e-02,-8.962350897490978241e-03,5.641303490847349167e-03,2.225883677601814270e-02,2.873935177922248840e-02,2.019625529646873474e-02,2.019625529646873474e-02,2.019625529646873474e-02,2.019625529646873474e-02,2.019625529646873474e-02
-5.806417763233184814e-02,-5.806417763233184814e-02,-5.806417763233184814e-02,-5.806417763233184814e-02,-5.806417763233184814e-02,-4.790032282471656799e-02,-2.320639975368976593e-02,8.635804057121276855e-03,3.979459404945373535e-02,6.558158248662948608e-02,7.732070237398147583e-02,6.967537105083465576e-02,6.967537105083465576e-02,6.967537105083465576e-02,6.967537105083465576e-02,6.967537105083465576e-02
-6.714625656604766846e-02,-6.714625656604766846e-02,-6.714625656604766846e-02,-6.714625656604766846e-02,-6.714625656604766846e-02,-4.815924912691116333e-02,-1.394329220056533813e-02,2.418731525540351868e-02,5.330971255898475647e-02,7.699035853147506714e-02,8.571714162826538086e-02,7.563208043575286865e-02,7.563208043575286865e-02,7.563208043575286865e-02,7.563208043575286865e-02,7.563208043575286865e-02
-4.353654012084007263e-02,-4.353654012084007263e-02,-4.353654012084007263e-02,-4.353654012084007263e-02,-4.353654012084007263e-02,-2.842862531542778015e-02,-3.392744576558470726e-03,2.615340985357761383e-02,4.951291158795356750e-02,6.878073513507843018e-02,7.442149519920349121e-02,6.100859120488166809e-02,6.100859120488166809e-02,6.100859120488166809e-02,6.100859120488166809e-02,6.100859120488166809e-02
-4.577503725886344910e-02,-4.577503725886344910e-02,-4.577503725886344910e-02,-4.577503725886344910e-02,-4.577503725886344910e-02,-4.146888479590415955e-02,-2.462768740952014923e-02,-1.075253356248140335e-03,2.105305530130863190e-02,4.678234085440635681e-02,6.478577852249145508e-02,6.430940330028533936e-02,6.430940330028533936e-02,6.430940330028533936e-02,6.430940330028533936e-02,6.430940330028533936e-02
-3.174271062016487122e-02,-3.174271062016487122e-02,-3.174271062016487122e-02,-3.174271062016487122e-02,-3.174271062016487122e-02,-4.097737744450569153e-02,-3.751893341541290283e-02,-1.902444474399089813e-02,2.401033998467028141e-04,2.521776780486106873e-02,4.652986675500869751e-02,5.233405157923698425e-02,5.233405157923698425e-02,5.233405157923698425e-02,5.233405157923698425e-02,5.233405157923698425e-02
-6.269035488367080688e-02,-6.269035488367080688e-02,-6.269035488367080688e-02,-6.269035488367080688e-02,-6.269035488367080688e-02,-5.377788469195365906e-02,-2.845745347440242767e-02,9.813259355723857880e-03,4.496301710605621338e-02,7.264383137226104736e-02,8.354333043098449707e-02,7.384241372346878052e-02,7.384241372346878052e-02,7.384241372346878052e-02,7.384241372346878052e-02,7.384241372346878052e-02
-3.301075473427772522e-02,-3.301075473427772522e-02,-3.301075473427772522e-02,-3.301075473427772522e-02,-3.301075473427772522e-02,-3.704477474093437195e-02,-2.999900653958320618e-02,-8.262996561825275421e-03,1.419083401560783386e-02,3.522697463631629944e-02,4.763077199459075928e-02,4.456042125821113586e-02,4.456042125821113586e-02,4.456042125821113586e-02,4.456042125821113586e-02,4.456042125821113586e-02
-4.209990054368972778e-02,-4.209990054368972778e-02,-4.209990054368972778e-02,-4.209990054368972778e-02,-4.209990054368972778e-02,-3.802410140633583069e-02,-2.457898668944835663e-02,1.567401050124317408e-04,2.392628230154514313e-02,4.886344447731971741e-02,6.208492070436477661e-02,5.698679015040397644e-02,5.698679015040397644e-02,5.698679015040397644e-02,5.698679015040397644e-02,5.698679015040397644e-02
-2.749743312597274780e-02,-2.749743312597274780e-02,-2.749743312597274780e-02,-2.749743312597274780e-02,-2.749743312597274780e-02,-3.469021245837211609e-02,-3.137737512588500977e-02,-1.245282217860221863e-02,8.344150148332118988e-03,3.082808479666709900e-02,4.510416463017463684e-02,4.460389539599418640e-02,4.460389539599418640e-02,4.460389539599418640e-02,4.460389539599418640e-02,4.460389539599418640e-02
0.000000000000000000e+00,0.000000000000000000e+00,0.000000000000000000e+00,0.000000000000000000e+00,0.000000000000000000e+00,0.000000000000000000e+00,0.000000000000000000e+00,0.000000000000000000e+00,0.000000000000000000e+00,0.000000000000000000e+00,0.000000000000000000e+00,0.000000000000000000e+00,0.000000000000000000e+00,0.000000000000000000e+00,0.000000000000000000e+00,0.000000000000000000e+00
1.350687671219930053e-04,1.350687671219930053e-04,1.350687671219930053e-04,1.350687671219930053e-04,1.350687671219930053e-04,6.356177618727087975e-05,-5.561655052588321269e-05,-2.224662021035328507e-04,1.387778780781445676e-17,1.387778780781445676e-17,1.387778780781445676e-17,1.387778780781445676e-17,-3.743857833595425717e-17,-3.743857833595425717e-17,-3.743857833595425717e-17,-3.743857833595425717e-17
1.589721627533435822e-02,1.589721627533435822e-02,1.589721627533435822e-02,1.589721627533435822e-02,1.589721627533435822e-02,5.192875489592552185e-02,6.661070883274078369e-02,4.766898229718208313e-02,1.638044416904449463e-02,-1.827980019152164459e-02,-3.433889895677566528e-02,-2.340856380760669708e-02,-2.340856380760669708e-02,-2.340856380760669708e-02,-2.340856380760669708e-02,-2.340856380760669708e-02
-2.478260546922683716e-02,-2.478260546922683716e-02,-2.478260546922683716e-02,-2.478260546922683716e-02,-2.478260546922683716e-02,3.234640695154666901e-03,2.846355363726615906e-02,2.962198667228221893e-02,1.782487891614437103e-02,-2.992814872413873672e-03,-1.614393852651119232e-02,-8.982865139842033386e-03,-8.982865139842033386e-03,-8.982865139842033386e-03,-8.982865139842033386e-03,-8.982865139842033386e-03
1.693556783720850945e-03,1.693556783720850945e-03,1.693556783720850945e-03,1.693556783720850945e-03,1.693556783720850945e-03,2.862952463328838348e-02,4.321387782692909241e-02,4.295248165726661682e-02,3.318447247147560120e-02,1.328400336205959320e-02,-7.116753607988357544e-03,-1.042992714792490005e-02,-1.042992714792490005e-02,-1.042992714792490005e-02,-1.042992714792490005e-02,-1.042992714792490005e-02
1.603311859071254730e-02,1.603311859071254730e-02,1.603311859071254730e-02,1.603311859071254730e-02,1.603311859071254730e-02,4.386063665151596069e-02,5.338899418711662292e-02,4.289293289184570312e-02,2.741037309169769287e-02,5.588785745203495026e-03,-1.108916383236646652e-02,-1.074082124978303909e-02,-1.074082124978303909e-02,-1.074082124978303909e-02,-1.074082124978303909e-02,-1.074082124978303909e-02
1.028025988489389420e-02,1.028025988489389420e-02,1.028025988489389420e-02,1.028025988489389420e-02,1.028025988489389420e-02,3.537968173623085022e-02,4.807266965508460999e-02,3.796265646815299988e-02,1.994940452277660370e-02,-1.595069887116551399e-03,-1.565959118306636810e-02,-1.137579046189785004e-02,-1.137579046189785004e-02,-1.137579046189785004e-02,-1.137579046189785004e-02,-1.137579046189785004e-02
-8.782352320849895477e-03,-8.782352320849895477e-03,-8.782352320849895477e-03,-8.782352320849895477e-03,-8.782352320849895477e-03,1.056700665503740311e-02,3.033781237900257111e-02,3.663805872201919556e-02,3.425059840083122253e-02,1.933241821825504303e-02,-1.022107899188995361e-03,-6.295964587479829788e-03,-6.295964587479829788e-03,-6.295964587479829788e-03,-6.295964587479829788e-03,-6.295964587479829788e-03
-1.957824453711509705e-02,-1.957824453711509705e-02,-1.957824453711509705e-02,-1.957824453711509705e-02,-1.957824453711509705e-02,-1.705367933027446270e-03,1.861287467181682587e-02,2.714855037629604340e-02,3.168141469359397888e-02,2.260095998644828796e-02,8.589616045355796814e-03,4.849422723054885864e-03,4.849422723054885864e-03,4.849422723054885864e-03,4.849422723054885864e-03,4.849422723054885864e-03
-9.454647806705906987e-05,-9.454647806705906987e-05,-9.454647806705906987e-05,-9.454647806705906987e-05,-9.454647806705906987e-05,2.792955935001373291e-02,5.031887069344520569e-02,4.985393583774566650e-02,3.659220039844512939e-02,1.321239024400711060e-02,-8.201475255191326141e-03,-1.328273583203554153e-02,-1.328273583203554153e-02,-1.328273583203554153e-02,-1.328273583203554153e-02,-1.328273583203554153e-02
-1.125514134764671326e-02,-1.125514134764671326e-02,-1.125514134764671326e-02,-1.125514134764671326e-02,-1.125514134764671326e-02,1.114210765808820724e-02,3.134610131382942200e-02,3.106723725795745850e-02,2.275155484676361084e-02,9.212879464030265808e-03,-1.829654211178421974e-03,3.639511123765259981e-04,3.639511123765259981e-04,3.639511123765259981e-04,3.639511123765259981e-04,3.639511123765259981e-04
-7.678719703108072281e-03,-7.678719703108072281e-03,-7.678719703108072281e-03,-7.678719703108072281e-03,-7.678719703108072281e-03,1.749499887228012085e-02,3.689959272742271423e-02,3.674859181046485901e-02,2.973877452313899994e-02,9.383821859955787659e-03,-6.988156586885452271e-03,-5.126554984599351883e-03,-5.126554984599351883e-03,-5.126554984599351883e-03,-5.126554984599351883e-03,-5.126554984599351883e-03
-2.002578787505626678e-02,-2.002578787505626678e-02,-2.002578787505626678e-02,-2.002578787505626678e-02,-2.002578787505626678e-02,2.452698070555925369e-03,2.323679625988006592e-02,3.070472180843353271e-02,2.902767434716224670e-02,1.590800285339355469e-02,-1.953147439053282142e-04,-3.826299682259559631e-03,-3.826299682259559631e-03,-3.826299682259559631e-03,-3.826299682259559631e-03,-3.826299682259559631e-03
