0.000000000000000000e+00,0.000000000000000000e+00,0.000000000000000000e+00,0.000000000000000000e+00,0.000000000000000000e+00,0.000000000000000000e+00,0.000000000000000000e+00,0.000000000000000000e+00,0.000000000000000000e+00,0.000000000000000000e+00,0.000000000000000000e+00,0.000000000000000000e+00,0.000000000000000000e+00,0.000000000000000000e+00
1.000000000000000000e+00,1.000000000000000000e+00,1.000000000000000000e+00,1.000000000000000000e+00,1.000000000000000000e+00,1.000000000000000000e+00,1.000000000000000000e+00,1.000000000000000000e+00,1.000000000000000000e+00,1.000000000000000000e+00,1.000000000000000000e+00,1.000000000000000000e+00,1.000000000000000000e+00,1.000000000000000000e+00
9.350449442863464355e-01,8.259605765342712402e-01,7.342357635498046875e-01,5.904218554496765137e-01,4.493347406387329102e-01,4.428595006465911865e-01,4.988502860069274902e-01,5.586699843406677246e-01,6.502457857131958008e-01,7.717629671096801758e-01,8.346068263053894043e-01,8.840006589889526367e-01,9.106386899948120117e-01,9.128797650337219238e-01
9.123628139495849609e-01,7.919144034385681152e-01,7.959498763084411621e-01,7.864695787429809570e-01,6.611078381538391113e-01,5.729207396507263184e-01,5.840570330619812012e-01,6.441172361373901367e-01,7.215709686279296875e-01,8.345800638198852539e-01,9.006227254867553711e-01,9.504075050354003906e-01,9.582532644271850586e-01,9.436544775962829590e-01
8.946273922920227051e-01,8.132128119468688965e-01,7.936663627624511719e-01,7.794423103332519531e-01,7.527968883514404297e-01,7.163806557655334473e-01,7.110425233840942383e-01,7.475010752677917480e-01,7.847983837127685547e-01,8.240962624549865723e-01,8.471193313598632812e-01,8.995546698570251465e-01,9.264293909072875977e-01,9.089252352714538574e-01
8.949966430664062500e-01,8.066064715385437012e-01,7.106904983520507812e-01,5.677993893623352051e-01,4.538898766040802002e-01,4.503501951694488525e-01,5.078201293945312500e-01,5.439915657043457031e-01,5.967629551887512207e-01,6.593307852745056152e-01,7.246025800704956055e-01,8.142173290252685547e-01,8.729985952377319336e-01,8.741477727890014648e-01
8.941310048103332520e-01,7.783614397048950195e-01,7.573661208152770996e-01,6.969477534294128418e-01,6.212897896766662598e-01,5.831860899925231934e-01,6.007983684539794922e-01,6.202751994132995605e-01,6.755204796791076660e-01,7.664006948471069336e-01,8.210706114768981934e-01,8.764323592185974121e-01,9.070207476615905762e-01,9.007818102836608887e-01
8.754069209098815918e-01,7.387425899505615234e-01,6.999619603157043457e-01,6.839399337768554688e-01,6.589255928993225098e-01,6.509327292442321777e-01,6.513484716415405273e-01,6.743916273117065430e-01,7.220506668090820312e-01,7.967762351036071777e-01,8.359366655349731445e-01,8.798909187316894531e-01,9.031958580017089844e-01,8.929247856140136719e-01
8.715870380401611328e-01,7.335146665573120117e-01,6.925818324089050293e-01,6.583023667335510254e-01,6.212594509124755859e-01,6.138871312141418457e-01,6.459875106811523438e-01,6.806077361106872559e-01,7.118439674377441406e-01,7.528210282325744629e-01,7.930723428726196289e-01,8.543878197669982910e-01,8.854045867919921875e-01,8.777152895927429199e-01
8.855280876159667969e-01,7.583259344100952148e-01,7.109534144401550293e-01,6.970827579498291016e-01,6.845543384552001953e-01,6.858817338943481445e-01,6.908448338508605957e-01,6.992856264114379883e-01,7.285307049751281738e-01,7.768066525459289551e-01,8.187620639801025391e-01,8.587249517440795898e-01,8.849154114723205566e-01,8.872442245483398438e-01
8.645989298820495605e-01,7.427314519882202148e-01,7.076759338378906250e-01,6.605544090270996094e-01,6.106204986572265625e-01,5.922097563743591309e-01,6.083290576934814453e-01,6.428719758987426758e-01,6.828114390373229980e-01,7.550374865531921387e-01,7.964323759078979492e-01,8.387095928192138672e-01,8.687387704849243164e-01,8.662432432174682617e-01
8.722435832023620605e-01,7.506220936775207520e-01,7.170006632804870605e-01,6.847954988479614258e-01,6.153323054313659668e-01,5.848501920700073242e-01,6.024038195610046387e-01,6.585267186164855957e-01,6.979634165763854980e-01,7.531725764274597168e-01,7.924503087997436523e-01,8.518112301826477051e-01,8.870024085044860840e-01,8.796742558479309082e-01
8.717510700225830078e-01,7.544370293617248535e-01,7.146148681640625000e-01,7.044188380241394043e-01,6.632937192916870117e-01,6.257457733154296875e-01,6.382336020469665527e-01,6.720780730247497559e-01,7.054824829101562500e-01,7.798019647598266602e-01,8.189162015914916992e-01,8.613284230232238770e-01,8.927372694015502930e-01,8.899602293968200684e-01
0.000000000000000000e+00,0.000000000000000000e+00,0.000000000000000000e+00,0.000000000000000000e+00,-0.000000000000000000e+00,-0.000000000000000000e+00,-0.000000000000000000e+00,-0.000000000000000000e+00,-0.000000000000000000e+00,-0.000000000000000000e+00,0.000000000000000000e+00,0.000000000000000000e+00,0.000000000000000000e+00,0.000000000000000000e+00
-3.109246522005967991e-17,-3.109246522005967991e-17,-3.109246522005967991e-17,-3.109246522005967991e-17,-3.469446951953614189e-18,-3.469446951953614189e-18,-3.469446951953614189e-18,-3.469446951953614189e-18,-3.469446951953614189e-18,-3.469446951953614189e-18,-3.109246522005967991e-17,-3.109246522005967991e-17,-3.109246522005967991e-17,-3.109246522005967991e-17
-4.265669360756874084e-02,-4.265669360756874084e-02,-4.265669360756874084e-02,-4.265669360756874084e-02,-4.265669360756874084e-02,-8.045809343457221985e-03,2.438567019999027252e-02,5.232223123311996460e-02,6.755408644676208496e-02,6.584114581346511841e-02,6.584114581346511841e-02,6.584114581346511841e-02,6.584114581346511841e-02,6.584114581346511841e-02
-3.073155693709850311e-02,-3.073155693709850311e-02,-3.073155693709850311e-02,-3.073155693709850311e-02,-3.073155693709850311e-02,-6.903826259076595306e-03,1.258576009422540665e-02,3.391881659626960754e-02,5.241060256958007812e-02,5.661926418542861938e-02,5.661926418542861938e-02,5.661926418542861938e-02,5.661926418542861938e-02,5.661926418542861938e-02
-1.441267598420381546e-02,-1.441267598420381546e-02,-1.441267598420381546e-02,-1.441267598420381546e-02,-1.441267598420381546e-02,-1.478449557907879353e-03,7.381618954241275787e-03,1.754339784383773804e-02,2.654668129980564117e-02,2.971278503537178040e-02,2.971278503537178040e-02,2.971278503537178040e-02,2.971278503537178040e-02,2.971278503537178040e-02
-4.173282161355018616e-02,-4.173282161355018616e-02,-4.173282161355018616e-02,-4.173282161355018616e-02,-4.173282161355018616e-02,-1.540951244533061981e-02,1.182716712355613708e-02,3.841189667582511902e-02,5.528233945369720459e-02,5.765027925372123718e-02,5.765027925372123718e-02,5.765027925372123718e-02,5.765027925372123718e-02,5.765027925372123718e-02
-2.959330007433891296e-02,-2.959330007433891296e-02,-2.959330007433891296e-02,-2.959330007433891296e-02,-2.959330007433891296e-02,-7.786940317600965500e-03,1.014545466750860214e-02,2.930720336735248566e-02,4.348887875676155090e-02,4.744857549667358398e-02,4.744857549667358398e-02,4.744857549667358398e-02,4.744857549667358398e-02,4.744857549667358398e-02
-1.561186835169792175e-02,-1.561186835169792175e-02,-1.561186835169792175e-02,-1.561186835169792175e-02,-1.561186835169792175e-02,4.528782796114683151e-03,1.720194704830646515e-02,2.795377187430858612e-02,3.592527657747268677e-02,3.747325018048286438e-02,3.747325018048286438e-02,3.747325018048286438e-02,3.747325018048286438e-02,3.747325018048286438e-02
-1.558828260749578476e-02,-1.558828260749578476e-02,-1.558828260749578476e-02,-1.558828260749578476e-02,-1.558828260749578476e-02,3.405844094231724739e-03,1.555679459124803543e-02,2.739174477756023407e-02,3.574109449982643127e-02,3.670587390661239624e-02,3.670587390661239624e-02,3.670587390661239624e-02,3.670587390661239624e-02,3.670587390661239624e-02
-1.427547726780176163e-02,-1.427547726780176163e-02,-1.427547726780176163e-02,-1.427547726780176163e-02,-1.427547726780176163e-02,2.289182972162961960e-03,1.286271493881940842e-02,2.114546112716197968e-02,2.755548991262912750e-02,2.994619496166706085e-02,2.994619496166706085e-02,2.994619496166706085e-02,2.994619496166706085e-02,2.994619496166706085e-02
-2.156277932226657867e-02,-2.156277932226657867e-02,-2.156277932226657867e-02,-2.156277932226657867e-02,-2.156277932226657867e-02,-1.050427556037902832e-03,1.389198470860719681e-02,2.783657051622867584e-02,3.767241165041923523e-02,3.971098735928535461e-02,3.971098735928535461e-02,3.971098735928535461e-02,3.971098735928535461e-02,3.971098735928535461e-02
-2.170909568667411804e-02,-2.170909568667411804e-02,-2.170909568667411804e-02,-2.170909568667411804e-02,-2.170909568667411804e-02,-1.872930908575654030e-03,1.243114285171031952e-02,2.719368785619735718e-02,3.937170654535293579e-02,4.190246388316154480e-02,4.190246388316154480e-02,4.190246388316154480e-02,4.190246388316154480e-02,4.190246388316154480e-02
-1.905978098511695862e-02,-1.905978098511695862e-02,-1.905978098511695862e-02,-1.905978098511695862e-02,-1.905978098511695862e-02,-2.613176766317337751e-04,1.290107611566781998e-02,2.449778467416763306e-02,3.489352017641067505e-02,3.853838890790939331e-02,3.853838890790939331e-02,3.853838890790939331e-02,3.853838890790939331e-02,3.853838890790939331e-02
0.000000000000000000e+00,0.000000000000000000e+00,0.000000000000000000e+00,0.000000000000000000e+00,0.000000000000000000e+00,0.000000000000000000e+00,0.000000000000000000e+00,0.000000000000000000e+00,0.000000000000000000e+00,0.000000000000000000e+00,0.000000000000000000e+00,0.000000000000000000e+00,0.000000000000000000e+00,0.000000000000000000e+00
-3.743857833595425717e-17,-3.743857833595425717e-17,-3.743857833595425717e-17,-3.743857833595425717e-17,1.387778780781445676e-17,1.387778780781445676e-17,1.387778780781445676e-17,1.387778780781445676e-17,1.387778780781445676e-17,1.387778780781445676e-17,-3.743857833595425717e-17,-3.743857833595425717e-17,-3.743857833595425717e-17,-3.743857833595425717e-17
3.823244199156761169e-02,3.823244199156761169e-02,3.823244199156761169e-02,3.823244199156761169e-02,3.823244199156761169e-02,4.384969547390937805e-02,3.823211044073104858e-02,2.131257392466068268e-02,2.331914147362112999e-03,-9.506486356258392334e-03,-9.506486356258392334e-03,-9.506486356258392334e-03,-9.506486356258392334e-03,-9.506486356258392334e-03
1.824787817895412445e-02,1.824787817895412445e-02,1.824787817895412445e-02,1.824787817895412445e-02,1.824787817895412445e-02,2.617657743394374847e-02,3.337481245398521423e-02,2.862910181283950806e-02,9.867309592664241791e-03,-8.148947730660438538e-03,-8.148947730660438538e-03,-8.148947730660438538e-03,-8.148947730660438538e-03,-8.148947730660438538e-03
1.174528058618307114e-02,1.174528058618307114e-02,1.174528058618307114e-02,1.174528058618307114e-02,1.174528058618307114e-02,1.183003745973110199e-02,1.246573030948638916e-02,1.192250382155179977e-02,7.470705080777406693e-03,-9.309611050412058830e-04,-9.309611050412058830e-04,-9.309611050412058830e-04,-9.309611050412058830e-04,-9.309611050412058830e-04
3.266023844480514526e-02,3.266023844480514526e-02,3.266023844480514526e-02,3.266023844480514526e-02,3.266023844480514526e-02,3.451951593160629272e-02,2.881532907485961914e-02,1.820502988994121552e-02,8.124954998493194580e-03,5.111974314786493778e-04,5.111974314786493778e-04,5.111974314786493778e-04,5.111974314786493778e-04,5.111974314786493778e-04
1.880370266735553741e-02,1.880370266735553741e-02,1.880370266735553741e-02,1.880370266735553741e-02,1.880370266735553741e-02,2.230853214859962463e-02,2.508739382028579712e-02,2.002499438822269440e-02,9.851022623479366302e-03,-1.380709698423743248e-03,-1.380709698423743248e-03,-1.380709698423743248e-03,-1.380709698423743248e-03,-1.380709698423743248e-03
1.718381233513355255e-02,1.718381233513355255e-02,1.718381233513355255e-02,1.718381233513355255e-02,1.718381233513355255e-02,1.469404622912406921e-02,1.464259997010231018e-02,1.262772735208272934e-02,6.722982972860336304e-03,-1.614175271242856979e-03,-1.614175271242856979e-03,-1.614175271242856979e-03,-1.614175271242856979e-03,-1.614175271242856979e-03
2.050640620291233063e-02,2.050640620291233063e-02,2.050640620291233063e-02,2.050640620291233063e-02,2.050640620291233063e-02,1.497003994882106781e-02,1.273850724101066589e-02,1.001448649913072586e-02,5.079806316643953323e-03,-9.423156152479350567e-04,-9.423156152479350567e-04,-9.423156152479350567e-04,-9.423156152479350567e-04,-9.423156152479350567e-04
1.511051505804061890e-02,1.511051505804061890e-02,1.511051505804061890e-02,1.511051505804061890e-02,1.511051505804061890e-02,1.036738883703947067e-02,9.696616791188716888e-03,9.240751154720783234e-03,6.528921425342559814e-03,1.674575381912291050e-03,1.674575381912291050e-03,1.674575381912291050e-03,1.674575381912291050e-03,1.674575381912291050e-03
1.945730298757553101e-02,1.945730298757553101e-02,1.945730298757553101e-02,1.945730298757553101e-02,1.945730298757553101e-02,1.878180354833602905e-02,1.842802949249744415e-02,1.351505704224109650e-02,6.016696803271770477e-03,-2.000840613618493080e-03,-2.000840613618493080e-03,-2.000840613618493080e-03,-2.000840613618493080e-03,-2.000840613618493080e-03
2.031164243817329407e-02,2.031164243817329407e-02,2.031164243817329407e-02,2.031164243817329407e-02,2.031164243817329407e-02,1.919026672840118408e-02,1.869816891849040985e-02,1.493183337152004242e-02,6.504356395453214645e-03,-2.274156548082828522e-03,-2.274156548082828522e-03,-2.274156548082828522e-03,-2.274156548082828522e-03,-2.274156548082828522e-03
1.611836440861225128e-02,1.611836440861225128e-02,1.611836440861225128e-02,1.611836440861225128e-02,1.611836440861225128e-02,1.568510383367538452e-02,1.634313538670539856e-02,1.447462290525436401e-02,7.639779709279537201e-03,-1.345248310826718807e-03,-1.345248310826718807e-03,-1.345248310826718807e-03,-1.345248310826718807e-03,-1.345248310826718807e-03
