0.000000000000000000e+00,0.000000000000000000e+00,0.000000000000000000e+00,0.000000000000000000e+00,0.000000000000000000e+00,0.000000000000000000e+00,0.000000000000000000e+00,0.000000000000000000e+00,0.000000000000000000e+00,0.000000000000000000e+00,0.000000000000000000e+00,0.000000000000000000e+00,0.000000000000000000e+00,0.000000000000000000e+00,0.000000000000000000e+00,0.000000000000000000e+00,0.000000000000000000e+00
1.000000000000000000e+00,1.000000000000000000e+00,1.000000000000000000e+00,1.000000000000000000e+00,1.000000000000000000e+00,1.000000000000000000e+00,1.000000000000000000e+00,1.000000000000000000e+00,1.000000000000000000e+00,1.000000000000000000e+00,1.000000000000000000e+00,1.000000000000000000e+00,1.000000000000000000e+00,1.000000000000000000e+00,1.000000000000000000e+00,1.000000000000000000e+00,1.000000000000000000e+00
8.505402207374572754e-01,7.775534987449645996e-01,6.147359013557434082e-01,4.185330867767333984e-01,2.415959239006042480e-01,2.474463135004043579e-01,3.805273771286010742e-01,6.186068654060363770e-01,7.727580666542053223e-01,8.265511393547058105e-01,8.781242966651916504e-01,9.011707901954650879e-01,9.120669960975646973e-01,9.040660262107849121e-01,9.054086208343505859e-01,9.160842895507812500e-01,9.020575284957885742e-01
8.412273526191711426e-01,8.614743351936340332e-01,8.122782111167907715e-01,6.834021806716918945e-01,4.566333293914794922e-01,3.893514573574066162e-01,4.535983502864837646e-01,6.161005496978759766e-01,7.566291093826293945e-01,7.997099161148071289e-01,8.543099761009216309e-01,8.952812552452087402e-01,9.241756796836853027e-01,9.353774189949035645e-01,9.341652393341064453e-01,9.302144050598144531e-01,9.094944000244140625e-01
8.241267800331115723e-01,8.350532650947570801e-01,8.465354442596435547e-01,8.141717910766601562e-01,6.822215318679809570e-01,6.136245131492614746e-01,6.476153135299682617e-01,7.477410435676574707e-01,8.087552189826965332e-01,8.109505176544189453e-01,8.453529477119445801e-01,8.799582719802856445e-01,9.088624119758605957e-01,9.038203358650207520e-01,8.956297039985656738e-01,9.000588059425354004e-01,8.764303326606750488e-01
8.053631186485290527e-01,6.769223213195800781e-01,5.062043070793151855e-01,3.753078877925872803e-01,2.462993562221527100e-01,2.534159421920776367e-01,3.478331565856933594e-01,5.118693709373474121e-01,5.792188048362731934e-01,6.117902398109436035e-01,6.819126605987548828e-01,7.467979788780212402e-01,8.195254206657409668e-01,8.584365844726562500e-01,8.613997697830200195e-01,8.768236637115478516e-01,8.709781765937805176e-01
7.925730943679809570e-01,8.051049709320068359e-01,7.664805650711059570e-01,6.322886943817138672e-01,4.577722251415252686e-01,3.987675011157989502e-01,4.470308721065521240e-01,5.743149518966674805e-01,6.719111800193786621e-01,7.053955197334289551e-01,7.547844052314758301e-01,7.920694947242736816e-01,8.419374227523803711e-01,8.697051405906677246e-01,8.659019470214843750e-01,8.802243471145629883e-01,8.910772800445556641e-01
7.627664804458618164e-01,7.361785769462585449e-01,7.040978074073791504e-01,6.429800987243652344e-01,5.355300903320312500e-01,4.845511317253112793e-01,5.180293321609497070e-01,6.295309662818908691e-01,7.045425176620483398e-01,7.177357077598571777e-01,7.575067877769470215e-01,8.073927164077758789e-01,8.498873710632324219e-01,8.705171346664428711e-01,8.748502731323242188e-01,8.837519288063049316e-01,8.779909014701843262e-01
7.604889869689941406e-01,7.115338444709777832e-01,6.719022989273071289e-01,6.394140124320983887e-01,5.525273084640502930e-01,5.448901653289794922e-01,5.897182822227478027e-01,6.865575313568115234e-01,7.124390602111816406e-01,7.161605358123779297e-01,7.539644837379455566e-01,8.028293848037719727e-01,8.458787202835083008e-01,8.602776527404785156e-01,8.646457195281982422e-01,8.758607506752014160e-01,8.647597432136535645e-01
7.565811872482299805e-01,7.206120491027832031e-01,7.197364568710327148e-01,6.975104212760925293e-01,5.855897068977355957e-01,5.318373441696166992e-01,5.584008693695068359e-01,6.556276082992553711e-01,7.066993713378906250e-01,7.286430001258850098e-01,7.652475237846374512e-01,7.970051765441894531e-01,8.471401333808898926e-01,8.693423271179199219e-01,8.756462931632995605e-01,8.895072340965270996e-01,8.775329589843750000e-01
7.434121966361999512e-01,6.809706687927246094e-01,6.042349338531494141e-01,5.237303972244262695e-01,4.239404797554016113e-01,4.158181846141815186e-01,4.793007671833038330e-01,5.992329716682434082e-01,6.724429130554199219e-01,6.741457581520080566e-01,7.016398310661315918e-01,7.466614246368408203e-01,7.987420558929443359e-01,8.411430120468139648e-01,8.534171581268310547e-01,8.625071048736572266e-01,8.609068393707275391e-01
7.768030762672424316e-01,7.924926280975341797e-01,7.906680703163146973e-01,6.833795309066772461e-01,5.304355621337890625e-01,4.689564406871795654e-01,5.228909254074096680e-01,6.487687230110168457e-01,7.128519415855407715e-01,7.121213674545288086e-01,7.388980984687805176e-01,7.822399139404296875e-01,8.287863135337829590e-01,8.523587584495544434e-01,8.530015349388122559e-01,8.616997003555297852e-01,8.508543372154235840e-01
7.551890015602111816e-01,7.069885730743408203e-01,6.856033205986022949e-01,6.108412742614746094e-01,5.053611397743225098e-01,4.665475487709045410e-01,5.235524177551269531e-01,6.280841827392578125e-01,7.008748650550842285e-01,7.156835198402404785e-01,7.525435686111450195e-01,7.972481846809387207e-01,8.385379314422607422e-01,8.608675599098205566e-01,8.649556636810302734e-01,8.687368631362915039e-01,8.513996005058288574e-01
0.000000000000000000e+00,0.000000000000000000e+00,0.000000000000000000e+00,0.000000000000000000e+00,-0.000000000000000000e+00,-0.000000000000000000e+00,-0.000000000000000000e+00,-0.000000000000000000e+00,-0.000000000000000000e+00,-0.000000000000000000e+00,-0.000000000000000000e+00,-0.000000000000000000e+00,-0.000000000000000000e+00,0.000000000000000000e+00,0.000000000000000000e+00,0.000000000000000000e+00,0.000000000000000000e+00
-3.109246522005967991e-17,-3.109246522005967991e-17,-3.109246522005967991e-17,-3.109246522005967991e-17,-3.469446951953614189e-18,-3.469446951953614189e-18,-3.469446951953614189e-18,-3.469446951953614189e-18,-3.469446951953614189e-18,-3.469446951953614189e-18,-3.469446951953614189e-18,-3.469446951953614189e-18,-3.469446951953614189e-18,-3.109246522005967991e-17,-3.109246522005967991e-17,-3.109246522005967991e-17,-3.109246522005967991e-17
-2.379120513796806335e-02,-2.379120513796806335e-02,-2.379120513796806335e-02,-2.379120513796806335e-02,-2.379120513796806335e-02,2.015226706862449646e-02,6.185154244303703308e-02,8.984293788671493530e-02,9.743659943342208862e-02,8.152653276920318604e-02,5.515233427286148071e-02,2.961389720439910889e-02,1.405435334891080856e-02,1.405435334891080856e-02,1.405435334891080856e-02,1.405435334891080856e-02,1.405435334891080856e-02
-3.476541116833686829e-02,-3.476541116833686829e-02,-3.476541116833686829e-02,-3.476541116833686829e-02,-3.476541116833686829e-02,-9.194053709506988525e-03,2.239651605486869812e-02,5.273823067545890808e-02,7.288318872451782227e-02,7.086463272571563721e-02,5.517937615513801575e-02,3.550440818071365356e-02,2.004635520279407501e-02,2.004635520279407501e-02,2.004635520279407501e-02,2.004635520279407501e-02,2.004635520279407501e-02
-1.536350790411233902e-02,-1.536350790411233902e-02,-1.536350790411233902e-02,-1.536350790411233902e-02,-1.536350790411233902e-02,-6.286989431828260422e-03,6.213168147951364517e-03,2.180553413927555084e-02,3.607082739472389221e-02,3.742594644427299500e-02,2.882529236376285553e-02,1.865239255130290985e-02,1.104068197309970856e-02,1.104068197309970856e-02,1.104068197309970856e-02,1.104068197309970856e-02,1.104068197309970856e-02
-3.063950501382350922e-02,-3.063950501382350922e-02,-3.063950501382350922e-02,-3.063950501382350922e-02,-3.063950501382350922e-02,5.552865564823150635e-03,3.894288092851638794e-02,6.234890967607498169e-02,7.568550109863281250e-02,7.346183806657791138e-02,6.182648614048957825e-02,4.895442351698875427e-02,4.054584354162216187e-02,4.054584354162216187e-02,4.054584354162216187e-02,4.054584354162216187e-02,4.054584354162216187e-02
-3.412397205829620361e-02,-3.412397205829620361e-02,-3.412397205829620361e-02,-3.412397205829620361e-02,-3.412397205829620361e-02,-1.348724681884050369e-02,1.293935347348451614e-02,3.947160020470619202e-02,5.771924182772636414e-02,5.978087708353996277e-02,4.980635643005371094e-02,3.702303394675254822e-02,2.835036069154739380e-02,2.835036069154739380e-02,2.835036069154739380e-02,2.835036069154739380e-02,2.835036069154739380e-02
-1.805674284696578979e-02,-1.805674284696578979e-02,-1.805674284696578979e-02,-1.805674284696578979e-02,-1.805674284696578979e-02,-1.947272801771759987e-03,1.534845773130655289e-02,3.294104710221290588e-02,4.655189067125320435e-02,4.913543164730072021e-02,4.217648133635520935e-02,3.209584206342697144e-02,2.482756040990352631e-02,2.482756040990352631e-02,2.482756040990352631e-02,2.482756040990352631e-02,2.482756040990352631e-02
-8.767008781433105469e-03,-8.767008781433105469e-03,-8.767008781433105469e-03,-8.767008781433105469e-03,-8.767008781433105469e-03,4.526584409177303314e-03,1.699965260922908783e-02,2.872057631611824036e-02,3.842197731137275696e-02,3.840167447924613953e-02,3.290697187185287476e-02,2.656635455787181854e-02,2.278656885027885437e-02,2.278656885027885437e-02,2.278656885027885437e-02,2.278656885027885437e-02,2.278656885027885437e-02
-1.471374742686748505e-02,-1.471374742686748505e-02,-1.471374742686748505e-02,-1.471374742686748505e-02,-1.471374742686748505e-02,-1.965698553249239922e-03,1.069085951894521713e-02,2.464770525693893433e-02,3.880689665675163269e-02,4.262568429112434387e-02,3.765615820884704590e-02,3.009417466819286346e-02,2.431769482791423798e-02,2.431769482791423798e-02,2.431769482791423798e-02,2.431769482791423798e-02,2.431769482791423798e-02
-1.478117983788251877e-02,-1.478117983788251877e-02,-1.478117983788251877e-02,-1.478117983788251877e-02,-1.478117983788251877e-02,6.394828669726848602e-03,2.535475604236125946e-02,4.057699069380760193e-02,5.018878355622291565e-02,4.972795024514198303e-02,4.245515912771224976e-02,3.378526493906974792e-02,2.861626632511615753e-02,2.861626632511615753e-02,2.861626632511615753e-02,2.861626632511615753e-02,2.861626632511615753e-02
-2.394922636449337006e-02,-2.394922636449337006e-02,-2.394922636449337006e-02,-2.394922636449337006e-02,-2.394922636449337006e-02,-1.052832789719104767e-02,7.063177879899740219e-03,2.828533388674259186e-02,4.381034150719642639e-02,4.573806747794151306e-02,3.721999749541282654e-02,2.737559564411640167e-02,2.165117114782333374e-02,2.165117114782333374e-02,2.165117114782333374e-02,2.165117114782333374e-02,2.165117114782333374e-02
-1.537275407463312149e-02,-1.537275407463312149e-02,-1.537275407463312149e-02,-1.537275407463312149e-02,-1.537275407463312149e-02,2.221192000433802605e-03,1.891419664025306702e-02,3.604615479707717896e-02,4.783984646201133728e-02,4.853722080588340759e-02,4.034756496548652649e-02,3.052025847136974335e-02,2.249504253268241882e-02,2.249504253268241882e-02,2.249504253268241882e-02,2.249504253268241882e-02,2.249504253268241882e-02
0.000000000000000000e+00,0.000000000000000000e+00,0.000000000000000000e+00,0.000000000000000000e+00,0.000000000000000000e+00,0.000000000000000000e+00,0.000000000000000000e+00,0.000000000000000000e+00,0.000000000000000000e+00,0.000000000000000000e+00,0.000000000000000000e+00,0.000000000000000000e+00,0.000000000000000000e+00,0.000000000000000000e+00,0.000000000000000000e+00,0.000000000000000000e+00,0.000000000000000000e+00
-3.743857833595425717e-17,-3.743857833595425717e-17,-3.743857833595425717e-17,-3.743857833595425717e-17,1.387778780781445676e-17,1.387778780781445676e-17,1.387778780781445676e-17,1.387778780781445676e-17,1.387778780781445676e-17,1.387778780781445676e-17,1.387778780781445676e-17,1.387778780781445676e-17,1.387778780781445676e-17,-3.743857833595425717e-17,-3.743857833595425717e-17,-3.743857833595425717e-17,-3.743857833595425717e-17
6.733722984790802002e-02,6.733722984790802002e-02,6.733722984790802002e-02,6.733722984790802002e-02,6.733722984790802002e-02,6.667801737785339355e-02,4.343591257929801941e-02,9.133724495768547058e-03,-2.110211923718452454e-02,-3.347129374742507935e-02,-2.975636534392833710e-02,-1.641360670328140259e-02,-8.886027149856090546e-03,-8.886027149856090546e-03,-8.886027149856090546e-03,-8.886027149856090546e-03,-8.886027149856090546e-03
3.806604817509651184e-02,3.806604817509651184e-02,3.806604817509651184e-02,3.806604817509651184e-02,3.806604817509651184e-02,5.159853026270866394e-02,4.583442211151123047e-02,2.374755591154098511e-02,-4.349665716290473938e-03,-1.890560798346996307e-02,-2.084363996982574463e-02,-1.490952540189027786e-02,-1.115061528980731964e-02,-1.115061528980731964e-02,-1.115061528980731964e-02,-1.115061528980731964e-02,-1.115061528980731964e-02
1.500017847865819931e-02,1.500017847865819931e-02,1.500017847865819931e-02,1.500017847865819931e-02,1.500017847865819931e-02,2.229463495314121246e-02,2.321514301002025604e-02,1.519251707941293716e-02,8.416080381721258163e-04,-8.607454597949981689e-03,-1.000359188765287399e-02,-6.644811946898698807e-03,-7.071612868458032608e-03,-7.071612868458032608e-03,-7.071612868458032608e-03,-7.071612868458032608e-03,-7.071612868458032608e-03
5.334035307168960571e-02,5.334035307168960571e-02,5.334035307168960571e-02,5.334035307168960571e-02,5.334035307168960571e-02,4.635481536388397217e-02,2.945087291300296783e-02,1.081716082990169525e-02,-4.502088297158479691e-03,-9.612549096345901489e-03,-9.682993404567241669e-03,-7.044343277812004089e-03,-1.082290615886449814e-02,-1.082290615886449814e-02,-1.082290615886449814e-02,-1.082290615886449814e-02,-1.082290615886449814e-02
3.088746219873428345e-02,3.088746219873428345e-02,3.088746219873428345e-02,3.088746219873428345e-02,3.088746219873428345e-02,4.188944771885871887e-02,3.774615377187728882e-02,1.954179070889949799e-02,-1.733652024995535612e-04,-1.028744317591190338e-02,-1.253922656178474426e-02,-8.862930350005626678e-03,-6.907775066792964935e-03,-6.907775066792964935e-03,-6.907775066792964935e-03,-6.907775066792964935e-03,-6.907775066792964935e-03
2.378564700484275818e-02,2.378564700484275818e-02,2.378564700484275818e-02,2.378564700484275818e-02,2.378564700484275818e-02,2.768065221607685089e-02,2.430600859224796295e-02,1.443519815802574158e-02,1.377972075715661049e-03,-6.899596191942691803e-03,-8.683533407747745514e-03,-5.956509150564670563e-03,-6.622775457799434662e-03,-6.622775457799434662e-03,-6.622775457799434662e-03,-6.622775457799434662e-03,-6.622775457799434662e-03
2.110810205340385437e-02,2.110810205340385437e-02,2.110810205340385437e-02,2.110810205340385437e-02,2.110810205340385437e-02,1.892225444316864014e-02,1.420905720442533493e-02,7.731659337878227234e-03,-5.520450649783015251e-04,-3.838286502286791801e-03,-3.936411812901496887e-03,-2.333597978577017784e-03,-6.133247166872024536e-03,-6.133247166872024536e-03,-6.133247166872024536e-03,-6.133247166872024536e-03,-6.133247166872024536e-03
1.681759394705295563e-02,1.681759394705295563e-02,1.681759394705295563e-02,1.681759394705295563e-02,1.681759394705295563e-02,2.089718915522098541e-02,2.136231772601604462e-02,1.428397931158542633e-02,2.516359789296984673e-03,-4.643293563276529312e-03,-6.154925096780061722e-03,-3.883941797539591789e-03,-5.870787426829338074e-03,-5.870787426829338074e-03,-5.870787426829338074e-03,-5.870787426829338074e-03,-5.870787426829338074e-03
3.351936861872673035e-02,3.351936861872673035e-02,3.351936861872673035e-02,3.351936861872673035e-02,3.351936861872673035e-02,3.078968264162540436e-02,2.020925097167491913e-02,6.852856371551752090e-03,-4.699898883700370789e-03,-7.507064379751682281e-03,-5.535204894840717316e-03,-2.061229664832353592e-03,-3.717769170179963112e-03,-3.717769170179963112e-03,-3.717769170179963112e-03,-3.717769170179963112e-03,-3.717769170179963112e-03
2.400925382971763611e-02,2.400925382971763611e-02,2.400925382971763611e-02,2.400925382971763611e-02,2.400925382971763611e-02,3.184191882610321045e-02,2.855175919830799103e-02,1.404990162700414658e-02,-1.449990435503423214e-03,-8.466841652989387512e-03,-7.537507452070713043e-03,-3.370528342202305794e-03,-4.975276067852973938e-03,-4.975276067852973938e-03,-4.975276067852973938e-03,-4.975276067852973938e-03,-4.975276067852973938e-03
2.601562440395355225e-02,2.601562440395355225e-02,2.601562440395355225e-02,2.601562440395355225e-02,2.601562440395355225e-02,2.771922200918197632e-02,2.342881076037883759e-02,1.168190874159336090e-02,-1.286952407099306583e-03,-8.056682534515857697e-03,-8.192909881472587585e-03,-5.917651113122701645e-03,-7.238295394927263260e-03,-7.238295394927263260e-03,-7.238295394927263260e-03,-7.238295394927263260e-03,-7.238295394927263260e-03
