0.000000000000000000e+00,0.000000000000000000e+00,0.000000000000000000e+00,0.000000000000000000e+00,0.000000000000000000e+00,0.000000000000000000e+00,0.000000000000000000e+00,0.000000000000000000e+00,0.000000000000000000e+00,0.000000000000000000e+00,0.000000000000000000e+00,0.000000000000000000e+00,0.000000000000000000e+00
1.000000000000000000e+00,1.000000000000000000e+00,1.000000000000000000e+00,1.000000000000000000e+00,1.000000000000000000e+00,1.000000000000000000e+00,1.000000000000000000e+00,1.000000000000000000e+00,1.000000000000000000e+00,1.000000000000000000e+00,1.000000000000000000e+00,1.000000000000000000e+00,1.000000000000000000e+00
9.212616682052612305e-01,9.290627241134643555e-01,8.675172924995422363e-01,8.343020081520080566e-01,7.908776998519897461e-01,6.968054175376892090e-01,6.363850235939025879e-01,6.625536680221557617e-01,7.145042419433593750e-01,7.923994660377502441e-01,8.684151172637939453e-01,9.051041007041931152e-01,8.977445363998413086e-01
8.991916775703430176e-01,9.032323360443115234e-01,8.149701356887817383e-01,7.938512563705444336e-01,7.722204923629760742e-01,6.441970467567443848e-01,5.716303586959838867e-01,5.746132731437683105e-01,6.537680029869079590e-01,7.814907431602478027e-01,8.852545619010925293e-01,9.251276254653930664e-01,8.951174020767211914e-01
8.988777399063110352e-01,9.019502401351928711e-01,8.004305958747863770e-01,7.906860709190368652e-01,8.319488167762756348e-01,7.658899426460266113e-01,6.783960461616516113e-01,6.757106184959411621e-01,7.290692925453186035e-01,7.978479266166687012e-01,8.787814378738403320e-01,9.173413515090942383e-01,8.840764164924621582e-01
8.891749978065490723e-01,8.905085325241088867e-01,7.887967228889465332e-01,7.073531150817871094e-01,6.417357921600341797e-01,5.639634132385253906e-01,5.508006811141967773e-01,5.941988825798034668e-01,6.446068286895751953e-01,7.134888768196105957e-01,8.108120560646057129e-01,8.700685501098632812e-01,8.520461320877075195e-01
8.862671852111816406e-01,8.846521973609924316e-01,7.829449772834777832e-01,7.615641355514526367e-01,7.074122428894042969e-01,5.923604965209960938e-01,5.385147929191589355e-01,5.612870454788208008e-01,6.159533858299255371e-01,6.881541609764099121e-01,7.968090176582336426e-01,8.691868782043457031e-01,8.503094315528869629e-01
8.871752023696899414e-01,8.837784528732299805e-01,7.670979499816894531e-01,7.391257882118225098e-01,7.447376251220703125e-01,6.780272126197814941e-01,6.189740896224975586e-01,6.314837336540222168e-01,6.840413808822631836e-01,7.587243914604187012e-01,8.568561673164367676e-01,9.127993583679199219e-01,8.651969432830810547e-01
8.736988306045532227e-01,8.757580518722534180e-01,7.534581422805786133e-01,7.205367684364318848e-01,7.172523140907287598e-01,6.890577077865600586e-01,6.795181035995483398e-01,6.975313425064086914e-01,7.506638169288635254e-01,8.204392790794372559e-01,8.896960020065307617e-01,9.197539091110229492e-01,8.571141958236694336e-01
8.758146166801452637e-01,8.736588358879089355e-01,7.343119978904724121e-01,6.846002340316772461e-01,6.978495121002197266e-01,6.621977090835571289e-01,6.221126914024353027e-01,6.481076478958129883e-01,6.887737512588500977e-01,7.311792373657226562e-01,8.025001883506774902e-01,8.765310049057006836e-01,8.540955185890197754e-01
8.728699088096618652e-01,8.666518926620483398e-01,7.503207921981811523e-01,7.126351594924926758e-01,7.019232511520385742e-01,6.566112041473388672e-01,6.063069701194763184e-01,6.215444207191467285e-01,6.734860539436340332e-01,7.352002859115600586e-01,8.158903717994689941e-01,8.778493404388427734e-01,8.518683910369873047e-01
8.710618615150451660e-01,8.641784787178039551e-01,7.673823833465576172e-01,7.577888369560241699e-01,7.526139616966247559e-01,6.618773341178894043e-01,5.978801250457763672e-01,6.235575079917907715e-01,6.863656044006347656e-01,7.698830962181091309e-01,8.536911606788635254e-01,8.928763866424560547e-01,8.572870492935180664e-01
8.667378425598144531e-01,8.567060232162475586e-01,7.516185045242309570e-01,7.044571638107299805e-01,7.068875432014465332e-01,6.393544673919677734e-01,5.825659632682800293e-01,6.056278944015502930e-01,6.420235633850097656e-01,7.132110595703125000e-01,8.145654201507568359e-01,8.734019994735717773e-01,8.484371900558471680e-01
0.000000000000000000e+00,0.000000000000000000e+00,0.000000000000000000e+00,0.000000000000000000e+00,-0.000000000000000000e+00,-0.000000000000000000e+00,-0.000000000000000000e+00,-0.000000000000000000e+00,-0.000000000000000000e+00,0.000000000000000000e+00,0.000000000000000000e+00,0.000000000000000000e+00,0.000000000000000000e+00
-3.109246522005967991e-17,-3.109246522005967991e-17,-3.109246522005967991e-17,-3.109246522005967991e-17,-3.469446951953614189e-18,-3.469446951953614189e-18,-3.469446951953614189e-18,-3.469446951953614189e-18,-3.469446951953614189e-18,-3.109246522005967991e-17,-3.109246522005967991e-17,-3.109246522005967991e-17,-3.109246522005967991e-17
-3.710529953241348267e-02,-3.710529953241348267e-02,-3.710529953241348267e-02,-3.710529953241348267e-02,-3.710529953241348267e-02,-2.506135962903499603e-02,-5.151916760951280594e-03,1.308546587824821472e-02,2.743782289326190948e-02,2.743782289326190948e-02,2.743782289326190948e-02,2.743782289326190948e-02,2.743782289326190948e-02
-4.339809343218803406e-02,-4.339809343218803406e-02,-4.339809343218803406e-02,-4.339809343218803406e-02,-4.339809343218803406e-02,-2.682731486856937408e-02,-1.040543080307543278e-03,2.034887857735157013e-02,3.614175319671630859e-02,3.614175319671630859e-02,3.614175319671630859e-02,3.614175319671630859e-02,3.614175319671630859e-02
-2.711363136768341064e-02,-2.711363136768341064e-02,-2.711363136768341064e-02,-2.711363136768341064e-02,-2.711363136768341064e-02,-1.689994707703590393e-02,6.491760141216218472e-04,1.269513648003339767e-02,1.976287923753261566e-02,1.976287923753261566e-02,1.976287923753261566e-02,1.976287923753261566e-02,1.976287923753261566e-02
-4.144305735826492310e-02,-4.144305735826492310e-02,-4.144305735826492310e-02,-4.144305735826492310e-02,-4.144305735826492310e-02,-2.429819852113723755e-02,2.374102594330906868e-03,2.584912627935409546e-02,3.998116031289100647e-02,3.998116031289100647e-02,3.998116031289100647e-02,3.998116031289100647e-02,3.998116031289100647e-02
-4.515691101551055908e-02,-4.515691101551055908e-02,-4.515691101551055908e-02,-4.515691101551055908e-02,-4.515691101551055908e-02,-3.094030916690826416e-02,-6.312748882919549942e-03,1.612845435738563538e-02,3.409205749630928040e-02,3.409205749630928040e-02,3.409205749630928040e-02,3.409205749630928040e-02,3.409205749630928040e-02
-3.211276233196258545e-02,-3.211276233196258545e-02,-3.211276233196258545e-02,-3.211276233196258545e-02,-3.211276233196258545e-02,-1.817389391362667084e-02,4.164878744632005692e-03,2.095852605998516083e-02,2.981930784881114960e-02,2.981930784881114960e-02,2.981930784881114960e-02,2.981930784881114960e-02,2.981930784881114960e-02
-2.010298892855644226e-02,-2.010298892855644226e-02,-2.010298892855644226e-02,-2.010298892855644226e-02,-2.010298892855644226e-02,-5.223385524004697800e-03,1.533259358257055283e-02,2.746847458183765411e-02,2.991333045065402985e-02,2.991333045065402985e-02,2.991333045065402985e-02,2.991333045065402985e-02,2.991333045065402985e-02
-2.786030247807502747e-02,-2.786030247807502747e-02,-2.786030247807502747e-02,-2.786030247807502747e-02,-2.786030247807502747e-02,-1.425425242632627487e-02,6.337469909340143204e-03,2.143832109868526459e-02,2.853050827980041504e-02,2.853050827980041504e-02,2.853050827980041504e-02,2.853050827980041504e-02,2.853050827980041504e-02
-3.128182515501976013e-02,-3.128182515501976013e-02,-3.128182515501976013e-02,-3.128182515501976013e-02,-3.128182515501976013e-02,-1.723513938486576080e-02,3.967208787798881531e-03,2.045192196965217590e-02,2.993862703442573547e-02,2.993862703442573547e-02,2.993862703442573547e-02,2.993862703442573547e-02,2.993862703442573547e-02
-3.159273415803909302e-02,-3.159273415803909302e-02,-3.159273415803909302e-02,-3.159273415803909302e-02,-3.159273415803909302e-02,-1.739047281444072723e-02,3.511689137667417526e-03,1.913464628159999847e-02,2.949395217001438141e-02,2.949395217001438141e-02,2.949395217001438141e-02,2.949395217001438141e-02,2.949395217001438141e-02
-3.425498679280281067e-02,-3.425498679280281067e-02,-3.425498679280281067e-02,-3.425498679280281067e-02,-3.425498679280281067e-02,-2.041241340339183807e-02,1.909913611598312855e-03,2.009972929954528809e-02,3.066538833081722260e-02,3.066538833081722260e-02,3.066538833081722260e-02,3.066538833081722260e-02,3.066538833081722260e-02
0.000000000000000000e+00,0.000000000000000000e+00,0.000000000000000000e+00,0.000000000000000000e+00,0.000000000000000000e+00,0.000000000000000000e+00,0.000000000000000000e+00,0.000000000000000000e+00,0.000000000000000000e+00,0.000000000000000000e+00,0.000000000000000000e+00,0.000000000000000000e+00,0.000000000000000000e+00
-3.743857833595425717e-17,-3.743857833595425717e-17,-3.743857833595425717e-17,-3.743857833595425717e-17,1.387778780781445676e-17,1.387778780781445676e-17,1.387778780781445676e-17,1.387778780781445676e-17,1.387778780781445676e-17,-3.743857833595425717e-17,-3.743857833595425717e-17,-3.743857833595425717e-17,-3.743857833595425717e-17
6.634548772126436234e-03,6.634548772126436234e-03,6.634548772126436234e-03,6.634548772126436234e-03,6.634548772126436234e-03,1.969842426478862762e-02,2.621895447373390198e-02,2.638223208487033844e-02,1.608679629862308502e-02,1.608679629862308502e-02,1.608679629862308502e-02,1.608679629862308502e-02,1.608679629862308502e-02
6.155314855277538300e-03,6.155314855277538300e-03,6.155314855277538300e-03,6.155314855277538300e-03,6.155314855277538300e-03,2.332530729472637177e-02,3.262639418244361877e-02,3.464111313223838806e-02,2.139940671622753143e-02,2.139940671622753143e-02,2.139940671622753143e-02,2.139940671622753143e-02,2.139940671622753143e-02
3.668314311653375626e-03,3.668314311653375626e-03,3.668314311653375626e-03,3.668314311653375626e-03,3.668314311653375626e-03,1.206929143518209457e-02,1.639480516314506531e-02,2.131786569952964783e-02,1.675762981176376343e-02,1.675762981176376343e-02,1.675762981176376343e-02,1.675762981176376343e-02,1.675762981176376343e-02
1.769473403692245483e-02,1.769473403692245483e-02,1.769473403692245483e-02,1.769473403692245483e-02,1.769473403692245483e-02,2.809729054570198059e-02,2.973901852965354919e-02,2.577947638928890228e-02,1.265884656459093094e-02,1.265884656459093094e-02,1.265884656459093094e-02,1.265884656459093094e-02,1.265884656459093094e-02
9.625776670873165131e-03,9.625776670873165131e-03,9.625776670873165131e-03,9.625776670873165131e-03,9.625776670873165131e-03,2.212140150368213654e-02,2.903011068701744080e-02,3.267263993620872498e-02,2.078978344798088074e-02,2.078978344798088074e-02,2.078978344798088074e-02,2.078978344798088074e-02,2.078978344798088074e-02
9.796471334993839264e-03,9.796471334993839264e-03,9.796471334993839264e-03,9.796471334993839264e-03,9.796471334993839264e-03,1.826739311218261719e-02,2.139451727271080017e-02,2.422101795673370361e-02,1.535269711166620255e-02,1.535269711166620255e-02,1.535269711166620255e-02,1.535269711166620255e-02,1.535269711166620255e-02
1.455241907387971878e-02,1.455241907387971878e-02,1.455241907387971878e-02,1.455241907387971878e-02,1.455241907387971878e-02,1.980862021446228027e-02,1.707671768963336945e-02,1.479887869209051132e-02,4.267216194421052933e-03,4.267216194421052933e-03,4.267216194421052933e-03,4.267216194421052933e-03,4.267216194421052933e-03
1.462529599666595459e-02,1.462529599666595459e-02,1.462529599666595459e-02,1.462529599666595459e-02,1.462529599666595459e-02,1.851102150976657867e-02,1.543455943465232849e-02,1.692615635693073273e-02,1.213269867002964020e-02,1.213269867002964020e-02,1.213269867002964020e-02,1.213269867002964020e-02,1.213269867002964020e-02
1.200577057898044586e-02,1.200577057898044586e-02,1.200577057898044586e-02,1.200577057898044586e-02,1.200577057898044586e-02,1.898903585970401764e-02,1.976342312991619110e-02,2.129090763628482819e-02,1.371305156499147415e-02,1.371305156499147415e-02,1.371305156499147415e-02,1.371305156499147415e-02,1.371305156499147415e-02
8.470598608255386353e-03,8.470598608255386353e-03,8.470598608255386353e-03,8.470598608255386353e-03,8.470598608255386353e-03,1.879489794373512268e-02,2.329422347247600555e-02,2.533625811338424683e-02,1.500461436808109283e-02,1.500461436808109283e-02,1.500461436808109283e-02,1.500461436808109283e-02,1.500461436808109283e-02
1.044509187340736389e-02,1.044509187340736389e-02,1.044509187340736389e-02,1.044509187340736389e-02,1.044509187340736389e-02,1.845171675086021423e-02,2.201194688677787781e-02,2.398078702390193939e-02,1.666797325015068054e-02,1.666797325015068054e-02,1.666797325015068054e-02,1.666797325015068054e-02,1.666797325015068054e-02
