0.000000000000000000e+00,0.000000000000000000e+00,0.000000000000000000e+00,0.000000000000000000e+00,0.000000000000000000e+00,0.000000000000000000e+00,0.000000000000000000e+00,0.000000000000000000e+00,0.000000000000000000e+00,0.000000000000000000e+00,0.000000000000000000e+00,0.000000000000000000e+00,0.000000000000000000e+00,0.000000000000000000e+00
1.000000000000000000e+00,1.000000000000000000e+00,1.000000000000000000e+00,1.000000000000000000e+00,1.000000000000000000e+00,1.000000000000000000e+00,1.000000000000000000e+00,1.000000000000000000e+00,1.000000000000000000e+00,1.000000000000000000e+00,1.000000000000000000e+00,1.000000000000000000e+00,1.000000000000000000e+00,1.000000000000000000e+00
9.345130920410156250e-01,8.956276178359985352e-01,7.952926754951477051e-01,6.936110854148864746e-01,4.974029362201690674e-01,4.353274405002593994e-01,5.321166515350341797e-01,6.519376039505004883e-01,7.708756327629089355e-01,8.495646119117736816e-01,8.815212249755859375e-01,8.940517902374267578e-01,9.086641073226928711e-01,9.085618853569030762e-01
9.246068596839904785e-01,8.664830327033996582e-01,8.486775755882263184e-01,8.279443979263305664e-01,6.632000803947448730e-01,5.426673293113708496e-01,5.612494349479675293e-01,6.716991662979125977e-01,8.066540956497192383e-01,8.975004553794860840e-01,9.087054133415222168e-01,8.918276429176330566e-01,9.017981290817260742e-01,9.015257358551025391e-01
8.996481299400329590e-01,8.578712344169616699e-01,8.490772843360900879e-01,8.687736988067626953e-01,7.604676485061645508e-01,6.798888444900512695e-01,7.149347662925720215e-01,7.696848511695861816e-01,8.032203316688537598e-01,8.415951728820800781e-01,8.667519688606262207e-01,8.754496574401855469e-01,8.810911774635314941e-01,8.841542005538940430e-01
9.014645814895629883e-01,8.394310474395751953e-01,6.781254410743713379e-01,5.686483383178710938e-01,4.550772607326507568e-01,4.221725463867187500e-01,4.854232966899871826e-01,5.554167032241821289e-01,6.207715272903442383e-01,6.968864798545837402e-01,7.771040201187133789e-01,8.176633119583129883e-01,8.508630990982055664e-01,8.772147893905639648e-01
8.888332843780517578e-01,8.310294151306152344e-01,8.005566596984863281e-01,7.314997315406799316e-01,5.953249931335449219e-01,5.386587381362915039e-01,5.572238564491271973e-01,6.181942224502563477e-01,7.186043262481689453e-01,7.907665967941284180e-01,8.234258294105529785e-01,8.203495740890502930e-01,8.545349836349487305e-01,8.817958235740661621e-01
8.941681981086730957e-01,8.064377903938293457e-01,7.640144824981689453e-01,7.441041469573974609e-01,6.501224040985107422e-01,5.822810530662536621e-01,6.130771040916442871e-01,6.789085268974304199e-01,7.309478521347045898e-01,7.773112654685974121e-01,8.104390501976013184e-01,8.254055976867675781e-01,8.641541004180908203e-01,8.847988843917846680e-01
8.811806440353393555e-01,7.979198098182678223e-01,7.164786458015441895e-01,7.036252021789550781e-01,6.647766828536987305e-01,6.465499997138977051e-01,6.719586849212646484e-01,7.115136384963989258e-01,7.481272220611572266e-01,7.917332053184509277e-01,8.218911290168762207e-01,8.430621027946472168e-01,8.676142096519470215e-01,8.807548284530639648e-01
8.810992836952209473e-01,7.958421707153320312e-01,7.551448345184326172e-01,7.626650929450988770e-01,6.851959228515625000e-01,6.010908484458923340e-01,6.150407195091247559e-01,6.642941236495971680e-01,7.372497320175170898e-01,7.725684642791748047e-01,7.889011502265930176e-01,8.183357715606689453e-01,8.625129461288452148e-01,8.723189234733581543e-01
8.698800206184387207e-01,7.968789935111999512e-01,7.002851963043212891e-01,6.606898307800292969e-01,5.980479717254638672e-01,5.737832784652709961e-01,6.030920743942260742e-01,6.405869722366333008e-01,6.864982843399047852e-01,7.255137562751770020e-01,7.646729350090026855e-01,8.058606982231140137e-01,8.411007523536682129e-01,8.544971942901611328e-01
8.690584897994995117e-01,8.006228804588317871e-01,7.751476764678955078e-01,7.473490834236145020e-01,6.410148739814758301e-01,5.637633800506591797e-01,6.000570654869079590e-01,6.700831651687622070e-01,7.353680133819580078e-01,7.852628827095031738e-01,8.157846927642822266e-01,8.347375392913818359e-01,8.537625074386596680e-01,8.579211831092834473e-01
8.747741580009460449e-01,8.000862002372741699e-01,7.382279634475708008e-01,7.208266854286193848e-01,6.285258531570434570e-01,5.769863128662109375e-01,6.287550330162048340e-01,6.784471869468688965e-01,7.359188795089721680e-01,7.760027647018432617e-01,7.943657040596008301e-01,8.145547509193420410e-01,8.500017523765563965e-01,8.573552370071411133e-01
0.000000000000000000e+00,0.000000000000000000e+00,0.000000000000000000e+00,0.000000000000000000e+00,-0.000000000000000000e+00,-0.000000000000000000e+00,-0.000000000000000000e+00,-0.000000000000000000e+00,-0.000000000000000000e+00,-0.000000000000000000e+00,0.000000000000000000e+00,0.000000000000000000e+00,0.000000000000000000e+00,0.000000000000000000e+00
-3.109246522005967991e-17,-3.109246522005967991e-17,-3.109246522005967991e-17,-3.109246522005967991e-17,-3.469446951953614189e-18,-3.469446951953614189e-18,-3.469446951953614189e-18,-3.469446951953614189e-18,-3.469446951953614189e-18,-3.469446951953614189e-18,-3.109246522005967991e-17,-3.109246522005967991e-17,-3.109246522005967991e-17,-3.109246522005967991e-17
-3.617092594504356384e-02,-3.617092594504356384e-02,-3.617092594504356384e-02,-3.617092594504356384e-02,-3.617092594504356384e-02,-5.102273542433977127e-03,2.627217210829257965e-02,5.035585165023803711e-02,6.529422849416732788e-02,6.029090285301208496e-02,6.029090285301208496e-02,6.029090285301208496e-02,6.029090285301208496e-02,6.029090285301208496e-02
-3.193826600909233093e-02,-3.193826600909233093e-02,-3.193826600909233093e-02,-3.193826600909233093e-02,-3.193826600909233093e-02,-6.940697785466909409e-03,1.441198959946632385e-02,3.245199844241142273e-02,4.870977252721786499e-02,4.998980090022087097e-02,4.998980090022087097e-02,4.998980090022087097e-02,4.998980090022087097e-02,4.998980090022087097e-02
-1.845733635127544403e-02,-1.845733635127544403e-02,-1.845733635127544403e-02,-1.845733635127544403e-02,-1.845733635127544403e-02,-7.439761422574520111e-03,2.741075586527585983e-03,1.262091659009456635e-02,2.407868765294551849e-02,2.650986425578594208e-02,2.650986425578594208e-02,2.650986425578594208e-02,2.650986425578594208e-02,2.650986425578594208e-02
-4.177825525403022766e-02,-4.177825525403022766e-02,-4.177825525403022766e-02,-4.177825525403022766e-02,-4.177825525403022766e-02,-1.230595447123050690e-02,2.075435779988765717e-02,4.411527141928672791e-02,5.824078246951103210e-02,5.995523557066917419e-02,5.995523557066917419e-02,5.995523557066917419e-02,5.995523557066917419e-02,5.995523557066917419e-02
-3.331546857953071594e-02,-3.331546857953071594e-02,-3.331546857953071594e-02,-3.331546857953071594e-02,-3.331546857953071594e-02,-1.119367405772209167e-02,9.922857396304607391e-03,2.842163480818271637e-02,4.311481490731239319e-02,4.622690007090568542e-02,4.622690007090568542e-02,4.622690007090568542e-02,4.622690007090568542e-02,4.622690007090568542e-02
-2.498611621558666229e-02,-2.498611621558666229e-02,-2.498611621558666229e-02,-2.498611621558666229e-02,-2.498611621558666229e-02,-6.385708693414926529e-03,9.059966541826725006e-03,2.190144918859004974e-02,3.464378416538238525e-02,3.892979398369789124e-02,3.892979398369789124e-02,3.892979398369789124e-02,3.892979398369789124e-02,3.892979398369789124e-02
-1.562578789889812469e-02,-1.562578789889812469e-02,-1.562578789889812469e-02,-1.562578789889812469e-02,-1.562578789889812469e-02,1.552636385895311832e-03,1.529397722333669662e-02,2.326043136417865753e-02,2.968284860253334045e-02,3.101077862083911896e-02,3.101077862083911896e-02,3.101077862083911896e-02,3.101077862083911896e-02,3.101077862083911896e-02
-2.353041432797908783e-02,-2.353041432797908783e-02,-2.353041432797908783e-02,-2.353041432797908783e-02,-2.353041432797908783e-02,-6.894621066749095917e-03,5.534104537218809128e-03,1.664937660098075867e-02,3.028330020606517792e-02,3.645106032490730286e-02,3.645106032490730286e-02,3.645106032490730286e-02,3.645106032490730286e-02,3.645106032490730286e-02
-2.472826279699802399e-02,-2.472826279699802399e-02,-2.472826279699802399e-02,-2.472826279699802399e-02,-2.472826279699802399e-02,-6.033055018633604050e-03,1.159545127302408218e-02,2.445709146559238434e-02,3.460886329412460327e-02,3.742672875523567200e-02,3.742672875523567200e-02,3.742672875523567200e-02,3.742672875523567200e-02,3.742672875523567200e-02
-2.433579973876476288e-02,-2.433579973876476288e-02,-2.433579973876476288e-02,-2.433579973876476288e-02,-2.433579973876476288e-02,-6.271143909543752670e-03,9.521925821900367737e-03,2.420288696885108948e-02,3.684246540069580078e-02,3.912454843521118164e-02,3.912454843521118164e-02,3.912454843521118164e-02,3.912454843521118164e-02,3.912454843521118164e-02
-2.138540707528591156e-02,-2.138540707528591156e-02,-2.138540707528591156e-02,-2.138540707528591156e-02,-2.138540707528591156e-02,-3.129846882075071335e-03,1.177210174500942230e-02,2.296047657728195190e-02,3.378976508975028992e-02,3.526462987065315247e-02,3.526462987065315247e-02,3.526462987065315247e-02,3.526462987065315247e-02,3.526462987065315247e-02
0.000000000000000000e+00,0.000000000000000000e+00,0.000000000000000000e+00,0.000000000000000000e+00,0.000000000000000000e+00,0.000000000000000000e+00,0.000000000000000000e+00,0.000000000000000000e+00,0.000000000000000000e+00,0.000000000000000000e+00,0.000000000000000000e+00,0.000000000000000000e+00,0.000000000000000000e+00,0.000000000000000000e+00
-3.743857833595425717e-17,-3.743857833595425717e-17,-3.743857833595425717e-17,-3.743857833595425717e-17,1.387778780781445676e-17,1.387778780781445676e-17,1.387778780781445676e-17,1.387778780781445676e-17,1.387778780781445676e-17,1.387778780781445676e-17,-3.743857833595425717e-17,-3.743857833595425717e-17,-3.743857833595425717e-17,-3.743857833595425717e-17
4.074578359723091125e-02,4.074578359723091125e-02,4.074578359723091125e-02,4.074578359723091125e-02,4.074578359723091125e-02,4.947140440344810486e-02,4.000205919146537781e-02,1.869755983352661133e-02,-7.741604931652545929e-03,-2.107270061969757080e-02,-2.107270061969757080e-02,-2.107270061969757080e-02,-2.107270061969757080e-02,-2.107270061969757080e-02
2.467265166342258453e-02,2.467265166342258453e-02,2.467265166342258453e-02,2.467265166342258453e-02,2.467265166342258453e-02,3.747342526912689209e-02,3.821814805269241333e-02,2.369538880884647369e-02,-1.531817251816391945e-03,-1.935194060206413269e-02,-1.935194060206413269e-02,-1.935194060206413269e-02,-1.935194060206413269e-02,-1.935194060206413269e-02
1.087553426623344421e-02,1.087553426623344421e-02,1.087553426623344421e-02,1.087553426623344421e-02,1.087553426623344421e-02,1.593908295035362244e-02,1.853863522410392761e-02,1.483676489442586899e-02,1.604666002094745636e-03,-7.396367378532886505e-03,-7.396367378532886505e-03,-7.396367378532886505e-03,-7.396367378532886505e-03,-7.396367378532886505e-03
3.708367049694061279e-02,3.708367049694061279e-02,3.708367049694061279e-02,3.708367049694061279e-02,3.708367049694061279e-02,4.044304788112640381e-02,3.175518289208412170e-02,1.856250502169132233e-02,3.117701038718223572e-03,-6.383990868926048279e-03,-6.383990868926048279e-03,-6.383990868926048279e-03,-6.383990868926048279e-03,-6.383990868926048279e-03
2.335796691477298737e-02,2.335796691477298737e-02,2.335796691477298737e-02,2.335796691477298737e-02,2.335796691477298737e-02,3.220856934785842896e-02,3.204537183046340942e-02,1.881963200867176056e-02,1.600691815838217735e-03,-8.405097760260105133e-03,-8.405097760260105133e-03,-8.405097760260105133e-03,-8.405097760260105133e-03,-8.405097760260105133e-03
2.020117826759815216e-02,2.020117826759815216e-02,2.020117826759815216e-02,2.020117826759815216e-02,2.020117826759815216e-02,2.230648510158061981e-02,2.161099575459957123e-02,1.486335415393114090e-02,3.226679516956210136e-03,-5.120040848851203918e-03,-5.120040848851203918e-03,-5.120040848851203918e-03,-5.120040848851203918e-03,-5.120040848851203918e-03
1.911394670605659485e-02,1.911394670605659485e-02,1.911394670605659485e-02,1.911394670605659485e-02,1.911394670605659485e-02,1.685262657701969147e-02,1.236444991081953049e-02,8.302858099341392517e-03,1.873788773082196712e-03,-3.073672298341989517e-03,-3.073672298341989517e-03,-3.073672298341989517e-03,-3.073672298341989517e-03,-3.073672298341989517e-03
1.663522236049175262e-02,1.663522236049175262e-02,1.663522236049175262e-02,1.663522236049175262e-02,1.663522236049175262e-02,1.909252442419528961e-02,1.902164146304130554e-02,1.584980264306068420e-02,6.209179759025573730e-03,-3.590095555409789085e-03,-3.590095555409789085e-03,-3.590095555409789085e-03,-3.590095555409789085e-03,-3.590095555409789085e-03
2.222258411347866058e-02,2.222258411347866058e-02,2.222258411347866058e-02,2.222258411347866058e-02,2.222258411347866058e-02,2.170827053487300873e-02,1.675269939005374908e-02,1.184699032455682755e-02,4.454272799193859100e-03,-1.408147625625133514e-03,-1.408147625625133514e-03,-1.408147625625133514e-03,-1.408147625625133514e-03,-1.408147625625133514e-03
1.971436664462089539e-02,1.971436664462089539e-02,1.971436664462089539e-02,1.971436664462089539e-02,1.971436664462089539e-02,2.438411861658096313e-02,2.443029172718524933e-02,1.645004935562610626e-02,1.879428513348102570e-03,-8.938343264162540436e-03,-8.938343264162540436e-03,-8.938343264162540436e-03,-8.938343264162540436e-03,-8.938343264162540436e-03
2.138514444231987000e-02,2.138514444231987000e-02,2.138514444231987000e-02,2.138514444231987000e-02,2.138514444231987000e-02,2.238490618765354156e-02,1.852251216769218445e-02,1.159871928393840790e-02,6.722245598211884499e-04,-6.420016754418611526e-03,-6.420016754418611526e-03,-6.420016754418611526e-03,-6.420016754418611526e-03,-6.420016754418611526e-03
