0.000000000000000000e+00,0.000000000000000000e+00,0.000000000000000000e+00,0.000000000000000000e+00,0.000000000000000000e+00,0.000000000000000000e+00,0.000000000000000000e+00,0.000000000000000000e+00,0.000000000000000000e+00,0.000000000000000000e+00,0.000000000000000000e+00,0.000000000000000000e+00,0.000000000000000000e+00,0.000000000000000000e+00
1.000000000000000000e+00,1.000000000000000000e+00,1.000000000000000000e+00,1.000000000000000000e+00,1.000000000000000000e+00,1.000000000000000000e+00,1.000000000000000000e+00,1.000000000000000000e+00,1.000000000000000000e+00,1.000000000000000000e+00,1.000000000000000000e+00,1.000000000000000000e+00,1.000000000000000000e+00,1.000000000000000000e+00
9.130036830902099609e-01,8.544158935546875000e-01,7.302502989768981934e-01,6.160678863525390625e-01,4.823926985263824463e-01,4.908021092414855957e-01,5.465243458747863770e-01,6.032310128211975098e-01,7.058803439140319824e-01,7.846893668174743652e-01,8.781467676162719727e-01,9.070017933845520020e-01,9.056200981140136719e-01,9.174132347106933594e-01
8.950356841087341309e-01,8.879688978195190430e-01,8.749235868453979492e-01,8.128830194473266602e-01,6.730527877807617188e-01,6.025606989860534668e-01,5.488628745079040527e-01,5.983491539955139160e-01,7.649055123329162598e-01,8.830932378768920898e-01,9.303445219993591309e-01,9.491206407546997070e-01,9.247179031372070312e-01,9.138553142547607422e-01
8.880106806755065918e-01,8.374555110931396484e-01,8.402153849601745605e-01,8.620288372039794922e-01,8.057470321655273438e-01,7.870344519615173340e-01,7.439188361167907715e-01,7.032864689826965332e-01,7.241412401199340820e-01,8.056867122650146484e-01,8.520589470863342285e-01,8.747754096984863281e-01,8.885282278060913086e-01,8.918936848640441895e-01
8.768132328987121582e-01,7.471746206283569336e-01,6.162998676300048828e-01,5.416634678840637207e-01,4.957444667816162109e-01,5.036254525184631348e-01,5.084534883499145508e-01,5.043905973434448242e-01,5.377941727638244629e-01,6.082111001014709473e-01,7.157148122787475586e-01,7.760812044143676758e-01,8.326759934425354004e-01,8.784920573234558105e-01
8.789619207382202148e-01,8.299605846405029297e-01,7.648687362670898438e-01,7.004578113555908203e-01,6.231952309608459473e-01,6.071871519088745117e-01,5.764030814170837402e-01,5.850602984428405762e-01,6.727303862571716309e-01,7.500789761543273926e-01,8.145609498023986816e-01,8.510056734085083008e-01,8.550739288330078125e-01,8.691823482513427734e-01
8.689185380935668945e-01,7.724916338920593262e-01,7.254925370216369629e-01,7.110242843627929688e-01,6.630274653434753418e-01,6.445790529251098633e-01,6.171910762786865234e-01,6.017496585845947266e-01,6.523787975311279297e-01,7.249328494071960449e-01,8.054889440536499023e-01,8.389267921447753906e-01,8.560729622840881348e-01,8.754423856735229492e-01
8.646215796470642090e-01,7.609358429908752441e-01,7.197369337081909180e-01,7.301969528198242188e-01,7.063103914260864258e-01,7.046305537223815918e-01,7.079373002052307129e-01,6.824619770050048828e-01,7.060807943344116211e-01,7.694094777107238770e-01,8.285840749740600586e-01,8.501794934272766113e-01,8.554731607437133789e-01,8.653916120529174805e-01
8.590983152389526367e-01,7.456056475639343262e-01,6.989134550094604492e-01,7.181903719902038574e-01,6.900070309638977051e-01,6.615146994590759277e-01,6.159905195236206055e-01,6.059467792510986328e-01,6.359359622001647949e-01,6.980643868446350098e-01,7.555947303771972656e-01,7.924504280090332031e-01,8.339939713478088379e-01,8.588642477989196777e-01
8.430752754211425781e-01,7.355865240097045898e-01,6.506693959236145020e-01,6.303062438964843750e-01,6.077421903610229492e-01,6.081068515777587891e-01,5.897327065467834473e-01,5.584754943847656250e-01,6.147499680519104004e-01,6.859456896781921387e-01,7.560541629791259766e-01,7.994106411933898926e-01,8.462406396865844727e-01,8.593856096267700195e-01
8.532382845878601074e-01,8.143758773803710938e-01,7.725423574447631836e-01,7.316579818725585938e-01,6.744083166122436523e-01,6.437222957611083984e-01,6.397125124931335449e-01,6.500236392021179199e-01,7.247912883758544922e-01,7.946557402610778809e-01,8.179672956466674805e-01,8.580092787742614746e-01,8.698993325233459473e-01,8.760122060775756836e-01
8.575149774551391602e-01,7.636416554450988770e-01,7.196704745292663574e-01,7.159844040870666504e-01,6.619486212730407715e-01,6.362842321395874023e-01,6.145528554916381836e-01,6.055902838706970215e-01,6.286858320236206055e-01,6.923505067825317383e-01,7.586212754249572754e-01,8.028599023818969727e-01,8.372194170951843262e-01,8.581453561782836914e-01
0.000000000000000000e+00,0.000000000000000000e+00,0.000000000000000000e+00,0.000000000000000000e+00,-0.000000000000000000e+00,-0.000000000000000000e+00,-0.000000000000000000e+00,-0.000000000000000000e+00,-0.000000000000000000e+00,-0.000000000000000000e+00,0.000000000000000000e+00,0.000000000000000000e+00,0.000000000000000000e+00,0.000000000000000000e+00
-3.109246522005967991e-17,-3.109246522005967991e-17,-3.109246522005967991e-17,-3.109246522005967991e-17,-3.469446951953614189e-18,-3.469446951953614189e-18,-3.469446951953614189e-18,-3.469446951953614189e-18,-3.469446951953614189e-18,-3.469446951953614189e-18,-3.109246522005967991e-17,-3.109246522005967991e-17,-3.109246522005967991e-17,-3.109246522005967991e-17
-3.457942977547645569e-02,-3.457942977547645569e-02,-3.457942977547645569e-02,-3.457942977547645569e-02,-3.457942977547645569e-02,-5.225968081504106522e-03,2.761424146592617035e-02,5.163547396659851074e-02,6.310353428125381470e-02,5.939232930541038513e-02,5.939232930541038513e-02,5.939232930541038513e-02,5.939232930541038513e-02,5.939232930541038513e-02
-3.753039613366127014e-02,-3.753039613366127014e-02,-3.753039613366127014e-02,-3.753039613366127014e-02,-3.753039613366127014e-02,-1.504690852016210556e-02,1.019680500030517578e-02,3.489888831973075867e-02,5.156746134161949158e-02,5.399542674422264099e-02,5.399542674422264099e-02,5.399542674422264099e-02,5.399542674422264099e-02,5.399542674422264099e-02
-2.209287323057651520e-02,-2.209287323057651520e-02,-2.209287323057651520e-02,-2.209287323057651520e-02,-2.209287323057651520e-02,-1.424350962042808533e-02,-6.143528036773204803e-03,3.457482671365141869e-03,1.521713566035032272e-02,2.206934429705142975e-02,2.206934429705142975e-02,2.206934429705142975e-02,2.206934429705142975e-02,2.206934429705142975e-02
-3.896931931376457214e-02,-3.896931931376457214e-02,-3.896931931376457214e-02,-3.896931931376457214e-02,-3.896931931376457214e-02,-1.422013156116008759e-02,1.136945374310016632e-02,3.060156665742397308e-02,4.472394287586212158e-02,5.322393029928207397e-02,5.322393029928207397e-02,5.322393029928207397e-02,5.322393029928207397e-02,5.322393029928207397e-02
-3.383048251271247864e-02,-3.383048251271247864e-02,-3.383048251271247864e-02,-3.383048251271247864e-02,-3.383048251271247864e-02,-1.455881074070930481e-02,7.076263427734375000e-03,2.597332559525966644e-02,3.833841159939765930e-02,4.262857884168624878e-02,4.262857884168624878e-02,4.262857884168624878e-02,4.262857884168624878e-02,4.262857884168624878e-02
-2.769055031239986420e-02,-2.769055031239986420e-02,-2.769055031239986420e-02,-2.769055031239986420e-02,-2.769055031239986420e-02,-1.123270019888877869e-02,4.959743004292249680e-03,1.891482993960380554e-02,3.091673552989959717e-02,3.779272362589836121e-02,3.779272362589836121e-02,3.779272362589836121e-02,3.779272362589836121e-02,3.779272362589836121e-02
-1.531250681728124619e-02,-1.531250681728124619e-02,-1.531250681728124619e-02,-1.531250681728124619e-02,-1.531250681728124619e-02,-1.681948662735521793e-03,8.839973248541355133e-03,1.624087616801261902e-02,2.269231528043746948e-02,2.572650276124477386e-02,2.572650276124477386e-02,2.572650276124477386e-02,2.572650276124477386e-02,2.572650276124477386e-02
-2.556912600994110107e-02,-2.556912600994110107e-02,-2.556912600994110107e-02,-2.556912600994110107e-02,-2.556912600994110107e-02,-1.129335351288318634e-02,4.395147334435023367e-05,9.780802763998508453e-03,2.233468368649482727e-02,3.226790949702262878e-02,3.226790949702262878e-02,3.226790949702262878e-02,3.226790949702262878e-02,3.226790949702262878e-02
-2.647845074534416199e-02,-2.647845074534416199e-02,-2.647845074534416199e-02,-2.647845074534416199e-02,-2.647845074534416199e-02,-7.799876853823661804e-03,9.214026853442192078e-03,2.170080691576004028e-02,3.313363716006278992e-02,3.996355459094047546e-02,3.996355459094047546e-02,3.996355459094047546e-02,3.996355459094047546e-02,3.996355459094047546e-02
-2.267400175333023071e-02,-2.267400175333023071e-02,-2.267400175333023071e-02,-2.267400175333023071e-02,-2.267400175333023071e-02,-7.001637481153011322e-03,7.962672039866447449e-03,2.205046266317367554e-02,3.209944441914558411e-02,3.548112139105796814e-02,3.548112139105796814e-02,3.548112139105796814e-02,3.548112139105796814e-02,3.548112139105796814e-02
-2.799010090529918671e-02,-2.799010090529918671e-02,-2.799010090529918671e-02,-2.799010090529918671e-02,-2.799010090529918671e-02,-1.377170905470848083e-02,-2.053002535831183195e-04,1.272975839674472809e-02,2.626178786158561707e-02,3.466531261801719666e-02,3.466531261801719666e-02,3.466531261801719666e-02,3.466531261801719666e-02,3.466531261801719666e-02
0.000000000000000000e+00,0.000000000000000000e+00,0.000000000000000000e+00,0.000000000000000000e+00,0.000000000000000000e+00,0.000000000000000000e+00,0.000000000000000000e+00,0.000000000000000000e+00,0.000000000000000000e+00,0.000000000000000000e+00,0.000000000000000000e+00,0.000000000000000000e+00,0.000000000000000000e+00,0.000000000000000000e+00
-3.743857833595425717e-17,-3.743857833595425717e-17,-3.743857833595425717e-17,-3.743857833595425717e-17,1.387778780781445676e-17,1.387778780781445676e-17,1.387778780781445676e-17,1.387778780781445676e-17,1.387778780781445676e-17,1.387778780781445676e-17,-3.743857833595425717e-17,-3.743857833595425717e-17,-3.743857833595425717e-17,-3.743857833595425717e-17
3.647930920124053955e-02,3.647930920124053955e-02,3.647930920124053955e-02,3.647930920124053955e-02,3.647930920124053955e-02,4.087843745946884155e-02,3.421035408973693848e-02,1.863700337707996368e-02,-9.970489190891385078e-04,-1.105859316885471344e-02,-1.105859316885471344e-02,-1.105859316885471344e-02,-1.105859316885471344e-02,-1.105859316885471344e-02
1.724824495613574982e-02,1.724824495613574982e-02,1.724824495613574982e-02,1.724824495613574982e-02,1.724824495613574982e-02,3.669892996549606323e-02,4.225746542215347290e-02,3.111170232295989990e-02,7.106187753379344940e-03,-1.317350659519433975e-02,-1.317350659519433975e-02,-1.317350659519433975e-02,-1.317350659519433975e-02,-1.317350659519433975e-02
-1.940784975886344910e-03,-1.940784975886344910e-03,-1.940784975886344910e-03,-1.940784975886344910e-03,-1.940784975886344910e-03,5.088630598038434982e-03,1.429599896073341370e-02,1.833472028374671936e-02,1.335321459919214249e-02,6.284599192440509796e-03,6.284599192440509796e-03,6.284599192440509796e-03,6.284599192440509796e-03,6.284599192440509796e-03
2.529683150351047516e-02,2.529683150351047516e-02,2.529683150351047516e-02,2.529683150351047516e-02,2.529683150351047516e-02,2.276439778506755829e-02,2.115125767886638641e-02,1.863279566168785095e-02,1.448108348995447159e-02,9.457894600927829742e-03,9.457894600927829742e-03,9.457894600927829742e-03,9.457894600927829742e-03,9.457894600927829742e-03
1.716122776269912720e-02,1.716122776269912720e-02,1.716122776269912720e-02,1.716122776269912720e-02,1.716122776269912720e-02,2.485550381243228912e-02,2.643748000264167786e-02,2.101876027882099152e-02,9.348914958536624908e-03,-8.990799542516469955e-04,-8.990799542516469955e-04,-8.990799542516469955e-04,-8.990799542516469955e-04,-8.990799542516469955e-04
1.118774805217981339e-02,1.118774805217981339e-02,1.118774805217981339e-02,1.118774805217981339e-02,1.118774805217981339e-02,1.388635765761137009e-02,1.918727718293666840e-02,1.970664225518703461e-02,1.285007409751415253e-02,4.471057094633579254e-03,4.471057094633579254e-03,4.471057094633579254e-03,4.471057094633579254e-03,4.471057094633579254e-03
8.969224989414215088e-03,8.969224989414215088e-03,8.969224989414215088e-03,8.969224989414215088e-03,8.969224989414215088e-03,7.346969097852706909e-03,1.041511818766593933e-02,1.193708740174770355e-02,7.614736445248126984e-03,2.523527713492512703e-03,2.523527713492512703e-03,2.523527713492512703e-03,2.523527713492512703e-03,2.523527713492512703e-03
7.678502239286899567e-03,7.678502239286899567e-03,7.678502239286899567e-03,7.678502239286899567e-03,7.678502239286899567e-03,8.098175749182701111e-03,1.334591582417488098e-02,1.761652901768684387e-02,1.513028796762228012e-02,8.476222865283489227e-03,8.476222865283489227e-03,8.476222865283489227e-03,8.476222865283489227e-03,8.476222865283489227e-03
1.460272260010242462e-02,1.460272260010242462e-02,1.460272260010242462e-02,1.460272260010242462e-02,1.460272260010242462e-02,1.435362175107002258e-02,1.557474397122859955e-02,1.640803366899490356e-02,1.373958308249711990e-02,7.047466002404689789e-03,7.047466002404689789e-03,7.047466002404689789e-03,7.047466002404689789e-03,7.047466002404689789e-03
1.356700155884027481e-02,1.356700155884027481e-02,1.356700155884027481e-02,1.356700155884027481e-02,1.356700155884027481e-02,2.005685679614543915e-02,1.999337226152420044e-02,1.569967716932296753e-02,6.571258883923292160e-03,-2.303950488567352295e-03,-2.303950488567352295e-03,-2.303950488567352295e-03,-2.303950488567352295e-03,-2.303950488567352295e-03
9.300693869590759277e-03,9.300693869590759277e-03,9.300693869590759277e-03,9.300693869590759277e-03,9.300693869590759277e-03,1.127157453447580338e-02,1.628249697387218475e-02,1.860538683831691742e-02,1.391041278839111328e-02,7.159311324357986450e-03,7.159311324357986450e-03,7.159311324357986450e-03,7.159311324357986450e-03,7.159311324357986450e-03
