0.000000000000000000e+00,0.000000000000000000e+00,0.000000000000000000e+00,0.000000000000000000e+00,0.000000000000000000e+00,0.000000000000000000e+00,0.000000000000000000e+00,0.000000000000000000e+00,0.000000000000000000e+00,0.000000000000000000e+00,0.000000000000000000e+00,0.000000000000000000e+00,0.000000000000000000e+00,0.000000000000000000e+00
1.000000000000000000e+00,1.000000000000000000e+00,1.000000000000000000e+00,1.000000000000000000e+00,1.000000000000000000e+00,1.000000000000000000e+00,1.000000000000000000e+00,1.000000000000000000e+00,1.000000000000000000e+00,1.000000000000000000e+00,1.000000000000000000e+00,1.000000000000000000e+00,1.000000000000000000e+00,1.000000000000000000e+00
9.161366820335388184e-01,8.178058862686157227e-01,6.581799387931823730e-01,4.924572408199310303e-01,2.649747431278228760e-01,1.978019773960113525e-01,2.349205315113067627e-01,3.075890541076660156e-01,4.581811726093292236e-01,6.495523452758789062e-01,7.702298164367675781e-01,8.185558319091796875e-01,8.427408337593078613e-01,8.612887859344482422e-01
9.041033387184143066e-01,8.631511926651000977e-01,8.367641568183898926e-01,7.682140469551086426e-01,5.493882894515991211e-01,4.100739359855651855e-01,3.666277229785919189e-01,3.990031480789184570e-01,5.239908099174499512e-01,6.426535248756408691e-01,7.532494664192199707e-01,8.220256567001342773e-01,8.525297045707702637e-01,8.747356534004211426e-01
8.839307427406311035e-01,7.996268868446350098e-01,7.952173352241516113e-01,7.931551933288574219e-01,6.631918549537658691e-01,6.003593802452087402e-01,5.986198782920837402e-01,6.058465838432312012e-01,6.492748260498046875e-01,7.245480418205261230e-01,7.904835939407348633e-01,8.199961185455322266e-01,8.401716947555541992e-01,8.540154695510864258e-01
8.831208348274230957e-01,7.408119440078735352e-01,5.881693959236145020e-01,4.934668540954589844e-01,4.079096615314483643e-01,4.033250212669372559e-01,4.012461900711059570e-01,3.892904520034790039e-01,4.527961015701293945e-01,5.442670583724975586e-01,6.351836919784545898e-01,6.884127259254455566e-01,7.342435121536254883e-01,7.859275341033935547e-01
8.843317031860351562e-01,8.001785278320312500e-01,7.340504527091979980e-01,6.429840326309204102e-01,4.905130863189697266e-01,4.005288779735565186e-01,3.681524097919464111e-01,3.899476826190948486e-01,4.778403341770172119e-01,5.768495202064514160e-01,6.741381287574768066e-01,7.262467741966247559e-01,7.604206800460815430e-01,8.037955164909362793e-01
8.686840534210205078e-01,7.747589349746704102e-01,7.157831788063049316e-01,6.920188665390014648e-01,5.884910821914672852e-01,5.414755344390869141e-01,5.302703380584716797e-01,5.258345603942871094e-01,5.786920785903930664e-01,6.583053469657897949e-01,7.443793416023254395e-01,7.882547378540039062e-01,8.025068044662475586e-01,8.260619640350341797e-01
8.502159714698791504e-01,7.523495554924011230e-01,6.988595128059387207e-01,6.892443299293518066e-01,6.095188260078430176e-01,5.548371076583862305e-01,5.405851006507873535e-01,5.519111752510070801e-01,6.116060614585876465e-01,6.796424388885498047e-01,7.400858402252197266e-01,7.727692127227783203e-01,7.859352827072143555e-01,8.150014877319335938e-01
8.548424839973449707e-01,7.236719727516174316e-01,6.725723743438720703e-01,6.877704262733459473e-01,6.208093166351318359e-01,5.779224038124084473e-01,5.636160373687744141e-01,5.488213300704956055e-01,5.776790976524353027e-01,6.348317861557006836e-01,7.067859172821044922e-01,7.361412048339843750e-01,7.592169046401977539e-01,8.056944012641906738e-01
8.515568375587463379e-01,7.257941365242004395e-01,6.294558048248291016e-01,5.991027355194091797e-01,5.254954695701599121e-01,4.759834110736846924e-01,4.750491380691528320e-01,4.817044436931610107e-01,5.438710451126098633e-01,6.219527125358581543e-01,6.925939321517944336e-01,7.319744825363159180e-01,7.595570683479309082e-01,7.899931073188781738e-01
8.581109642982482910e-01,8.113643527030944824e-01,7.702172994613647461e-01,6.991431713104248047e-01,5.539028644561767578e-01,4.586102664470672607e-01,4.273463487625122070e-01,4.513268768787384033e-01,5.513249039649963379e-01,6.486597061157226562e-01,7.111471295356750488e-01,7.363972663879394531e-01,7.549847960472106934e-01,7.866900563240051270e-01
8.531872034072875977e-01,7.391874194145202637e-01,6.881591677665710449e-01,6.742680072784423828e-01,5.680699348449707031e-01,5.066744685173034668e-01,5.094271302223205566e-01,5.176348090171813965e-01,5.783880352973937988e-01,6.466615200042724609e-01,7.162795662879943848e-01,7.512272596359252930e-01,7.696788311004638672e-01,8.073845505714416504e-01
0.000000000000000000e+00,0.000000000000000000e+00,0.000000000000000000e+00,0.000000000000000000e+00,-0.000000000000000000e+00,-0.000000000000000000e+00,-0.000000000000000000e+00,-0.000000000000000000e+00,-0.000000000000000000e+00,-0.000000000000000000e+00,0.000000000000000000e+00,0.000000000000000000e+00,0.000000000000000000e+00,0.000000000000000000e+00
-3.109246522005967991e-17,-3.109246522005967991e-17,-3.109246522005967991e-17,-3.109246522005967991e-17,-3.469446951953614189e-18,-3.469446951953614189e-18,-3.469446951953614189e-18,-3.469446951953614189e-18,-3.469446951953614189e-18,-3.469446951953614189e-18,-3.109246522005967991e-17,-3.109246522005967991e-17,-3.109246522005967991e-17,-3.109246522005967991e-17
-7.506077736616134644e-02,-7.506077736616134644e-02,-7.506077736616134644e-02,-7.506077736616134644e-02,-7.506077736616134644e-02,-2.788001671433448792e-02,2.359474636614322662e-02,6.578201800584793091e-02,9.309846162796020508e-02,9.685650467872619629e-02,9.685650467872619629e-02,9.685650467872619629e-02,9.685650467872619629e-02,9.685650467872619629e-02
-7.018845528364181519e-02,-7.018845528364181519e-02,-7.018845528364181519e-02,-7.018845528364181519e-02,-7.018845528364181519e-02,-4.569154977798461914e-02,-1.287676766514778137e-02,2.415587007999420166e-02,5.775524303317070007e-02,7.319427281618118286e-02,7.319427281618118286e-02,7.319427281618118286e-02,7.319427281618118286e-02,7.319427281618118286e-02
-3.509925678372383118e-02,-3.509925678372383118e-02,-3.509925678372383118e-02,-3.509925678372383118e-02,-3.509925678372383118e-02,-1.962220109999179840e-02,-4.118388053029775620e-03,1.313785277307033539e-02,3.115430846810340881e-02,3.847979381680488586e-02,3.847979381680488586e-02,3.847979381680488586e-02,3.847979381680488586e-02,3.847979381680488586e-02
-5.399752780795097351e-02,-5.399752780795097351e-02,-5.399752780795097351e-02,-5.399752780795097351e-02,-5.399752780795097351e-02,-2.345526218414306641e-02,6.936601828783750534e-03,2.991732582449913025e-02,4.639083519577980042e-02,5.516723543405532837e-02,5.516723543405532837e-02,5.516723543405532837e-02,5.516723543405532837e-02,5.516723543405532837e-02
-6.384848803281784058e-02,-6.384848803281784058e-02,-6.384848803281784058e-02,-6.384848803281784058e-02,-6.384848803281784058e-02,-3.817299753427505493e-02,-7.899658754467964172e-03,2.243758924305438995e-02,4.759429022669792175e-02,6.097945570945739746e-02,6.097945570945739746e-02,6.097945570945739746e-02,6.097945570945739746e-02,6.097945570945739746e-02
-4.047183319926261902e-02,-4.047183319926261902e-02,-4.047183319926261902e-02,-4.047183319926261902e-02,-4.047183319926261902e-02,-2.112795040011405945e-02,-3.665814874693751335e-04,1.891149394214153290e-02,3.595148772001266479e-02,4.409304633736610413e-02,4.409304633736610413e-02,4.409304633736610413e-02,4.409304633736610413e-02,4.409304633736610413e-02
-3.344517946243286133e-02,-3.344517946243286133e-02,-3.344517946243286133e-02,-3.344517946243286133e-02,-3.344517946243286133e-02,-1.493648067116737366e-02,2.289136173203587532e-03,1.744053699076175690e-02,3.143658116459846497e-02,3.911506384611129761e-02,3.911506384611129761e-02,3.911506384611129761e-02,3.911506384611129761e-02,3.911506384611129761e-02
-3.268276900053024292e-02,-3.268276900053024292e-02,-3.268276900053024292e-02,-3.268276900053024292e-02,-3.268276900053024292e-02,-1.625220105051994324e-02,-2.288721036165952682e-03,9.654912166297435760e-03,2.334394864737987518e-02,3.336061909794807434e-02,3.336061909794807434e-02,3.336061909794807434e-02,3.336061909794807434e-02,3.336061909794807434e-02
-3.991574794054031372e-02,-3.991574794054031372e-02,-3.991574794054031372e-02,-3.991574794054031372e-02,-3.991574794054031372e-02,-1.595604792237281799e-02,6.059577222913503647e-03,2.322571538388729095e-02,3.799262270331382751e-02,4.598042741417884827e-02,4.598042741417884827e-02,4.598042741417884827e-02,4.598042741417884827e-02,4.598042741417884827e-02
-5.389219149947166443e-02,-5.389219149947166443e-02,-5.389219149947166443e-02,-5.389219149947166443e-02,-5.389219149947166443e-02,-3.216141462326049805e-02,-6.669506430625915527e-03,1.874710991978645325e-02,4.004371911287307739e-02,5.041996017098426819e-02,5.041996017098426819e-02,5.041996017098426819e-02,5.041996017098426819e-02,5.041996017098426819e-02
-3.814853355288505554e-02,-3.814853355288505554e-02,-3.814853355288505554e-02,-3.814853355288505554e-02,-3.814853355288505554e-02,-1.785543747246265411e-02,1.020977855660021305e-03,1.835668273270130157e-02,3.471376001834869385e-02,4.314453154802322388e-02,4.314453154802322388e-02,4.314453154802322388e-02,4.314453154802322388e-02,4.314453154802322388e-02
0.000000000000000000e+00,0.000000000000000000e+00,0.000000000000000000e+00,0.000000000000000000e+00,0.000000000000000000e+00,0.000000000000000000e+00,0.000000000000000000e+00,0.000000000000000000e+00,0.000000000000000000e+00,0.000000000000000000e+00,0.000000000000000000e+00,0.000000000000000000e+00,0.000000000000000000e+00,0.000000000000000000e+00
-3.743857833595425717e-17,-3.743857833595425717e-17,-3.743857833595425717e-17,-3.743857833595425717e-17,1.387778780781445676e-17,1.387778780781445676e-17,1.387778780781445676e-17,1.387778780781445676e-17,1.387778780781445676e-17,1.387778780781445676e-17,-3.743857833595425717e-17,-3.743857833595425717e-17,-3.743857833595425717e-17,-3.743857833595425717e-17
4.800856858491897583e-02,4.800856858491897583e-02,4.800856858491897583e-02,4.800856858491897583e-02,4.800856858491897583e-02,6.503447890281677246e-02,6.258492171764373779e-02,4.164816811680793762e-02,1.007426623255014420e-02,-1.230524200946092606e-02,-1.230524200946092606e-02,-1.230524200946092606e-02,-1.230524200946092606e-02,-1.230524200946092606e-02
1.769679598510265350e-02,1.769679598510265350e-02,1.769679598510265350e-02,1.769679598510265350e-02,1.769679598510265350e-02,4.020850360393524170e-02,5.351202934980392456e-02,4.784151166677474976e-02,2.322814613580703735e-02,3.774564247578382492e-04,3.774564247578382492e-04,3.774564247578382492e-04,3.774564247578382492e-04,3.774564247578382492e-04
1.009477861225605011e-02,1.009477861225605011e-02,1.009477861225605011e-02,1.009477861225605011e-02,1.009477861225605011e-02,1.761545799672603607e-02,2.607341110706329346e-02,2.470468357205390930e-02,1.151869073510169983e-02,9.100459283217787743e-04,9.100459283217787743e-04,9.100459283217787743e-04,9.100459283217787743e-04,9.100459283217787743e-04
3.029742650687694550e-02,3.029742650687694550e-02,3.029742650687694550e-02,3.029742650687694550e-02,3.029742650687694550e-02,3.113584965467453003e-02,2.842638641595840454e-02,2.274679020047187805e-02,1.386280171573162079e-02,7.023542188107967377e-03,7.023542188107967377e-03,7.023542188107967377e-03,7.023542188107967377e-03,7.023542188107967377e-03
2.187033928930759430e-02,2.187033928930759430e-02,2.187033928930759430e-02,2.187033928930759430e-02,2.187033928930759430e-02,3.499713540077209473e-02,4.203493148088455200e-02,3.569515794515609741e-02,1.857768744230270386e-02,3.400248475372791290e-03,3.400248475372791290e-03,3.400248475372791290e-03,3.400248475372791290e-03,3.400248475372791290e-03
1.498491689562797546e-02,1.498491689562797546e-02,1.498491689562797546e-02,1.498491689562797546e-02,1.498491689562797546e-02,2.077022567391395569e-02,2.651445195078849792e-02,2.556375414133071899e-02,1.375462207943201065e-02,3.137347288429737091e-03,3.137347288429737091e-03,3.137347288429737091e-03,3.137347288429737091e-03,3.137347288429737091e-03
1.473057176917791367e-02,1.473057176917791367e-02,1.473057176917791367e-02,1.473057176917791367e-02,1.473057176917791367e-02,1.881229877471923828e-02,2.267804183065891266e-02,2.139026485383510590e-02,1.071874238550662994e-02,1.021794741973280907e-03,1.021794741973280907e-03,1.021794741973280907e-03,1.021794741973280907e-03,1.021794741973280907e-03
1.124585606157779694e-02,1.124585606157779694e-02,1.124585606157779694e-02,1.124585606157779694e-02,1.124585606157779694e-02,1.126288436353206635e-02,1.702462323009967804e-02,1.965847425162792206e-02,1.298761647194623947e-02,6.902294233441352844e-03,6.902294233441352844e-03,6.902294233441352844e-03,6.902294233441352844e-03,6.902294233441352844e-03
2.143302373588085175e-02,2.143302373588085175e-02,2.143302373588085175e-02,2.143302373588085175e-02,2.143302373588085175e-02,2.332211285829544067e-02,2.430340275168418884e-02,2.176962606608867645e-02,1.181047409772872925e-02,1.993929967284202576e-03,1.993929967284202576e-03,1.993929967284202576e-03,1.993929967284202576e-03,1.993929967284202576e-03
1.723521202802658081e-02,1.723521202802658081e-02,1.723521202802658081e-02,1.723521202802658081e-02,1.723521202802658081e-02,3.262828290462493896e-02,3.908039629459381104e-02,3.144669532775878906e-02,1.337595097720623016e-02,-1.714902115054428577e-03,-1.714902115054428577e-03,-1.714902115054428577e-03,-1.714902115054428577e-03,-1.714902115054428577e-03
1.702110655605792999e-02,1.702110655605792999e-02,1.702110655605792999e-02,1.702110655605792999e-02,1.702110655605792999e-02,2.095982432365417480e-02,2.553533948957920074e-02,2.344604395329952240e-02,1.102992612868547440e-02,1.415407168678939342e-03,1.415407168678939342e-03,1.415407168678939342e-03,1.415407168678939342e-03,1.415407168678939342e-03
