0.000000000000000000e+00,0.000000000000000000e+00,0.000000000000000000e+00,0.000000000000000000e+00,0.000000000000000000e+00,0.000000000000000000e+00,0.000000000000000000e+00,0.000000000000000000e+00,0.000000000000000000e+00,0.000000000000000000e+00,0.000000000000000000e+00,0.000000000000000000e+00,0.000000000000000000e+00,0.000000000000000000e+00,0.000000000000000000e+00
9.385696649551391602e-01,8.753243684768676758e-01,9.957987070083618164e-01,1.000000000000000000e+00,1.000000000000000000e+00,1.000000000000000000e+00,1.000000000000000000e+00,1.000000000000000000e+00,1.000000000000000000e+00,1.000000000000000000e+00,1.000000000000000000e+00,1.000000000000000000e+00,1.000000000000000000e+00,1.000000000000000000e+00,1.000000000000000000e+00
1.000000000000000000e+00,1.000000000000000000e+00,1.000000000000000000e+00,7.901300191879272461e-01,6.090739965438842773e-01,3.949439525604248047e-01,3.534041941165924072e-01,4.166474044322967529e-01,5.357673168182373047e-01,6.190811395645141602e-01,7.331246733665466309e-01,8.359863758087158203e-01,9.062840342521667480e-01,9.188196659088134766e-01,9.092938899993896484e-01
9.358829259872436523e-01,9.345021843910217285e-01,9.116602540016174316e-01,8.660323023796081543e-01,7.560948729515075684e-01,5.418404936790466309e-01,4.495016634464263916e-01,4.898406267166137695e-01,5.530107617378234863e-01,6.116577386856079102e-01,7.225950360298156738e-01,8.293572664260864258e-01,9.043793678283691406e-01,9.263617992401123047e-01,9.256783127784729004e-01
9.432919025421142578e-01,9.347989559173583984e-01,9.444193243980407715e-01,8.316472172737121582e-01,7.613180279731750488e-01,6.257108449935913086e-01,5.594916939735412598e-01,5.911401510238647461e-01,6.539121270179748535e-01,6.822637319564819336e-01,7.234982848167419434e-01,7.626657485961914062e-01,8.374676108360290527e-01,8.921227455139160156e-01,8.988165259361267090e-01
9.241003394126892090e-01,8.911984562873840332e-01,9.047555327415466309e-01,7.609392404556274414e-01,5.798848867416381836e-01,4.282409250736236572e-01,4.372137486934661865e-01,5.168266296386718750e-01,5.582069754600524902e-01,5.477418899536132812e-01,5.913439989089965820e-01,6.672405004501342773e-01,7.625887989997863770e-01,8.380919098854064941e-01,8.590391278266906738e-01
8.935728669166564941e-01,8.411133289337158203e-01,8.444955348968505859e-01,7.370136976242065430e-01,6.059947609901428223e-01,4.582181274890899658e-01,4.093752503395080566e-01,4.658060967922210693e-01,5.067082047462463379e-01,5.309200286865234375e-01,6.070310473442077637e-01,6.881318092346191406e-01,7.617509961128234863e-01,8.254380822181701660e-01,8.546751737594604492e-01
9.380484819412231445e-01,8.859270215034484863e-01,8.794494271278381348e-01,7.956187129020690918e-01,7.138003706932067871e-01,5.620644092559814453e-01,5.262258648872375488e-01,5.768121480941772461e-01,6.260473728179931641e-01,6.566760540008544922e-01,7.156218886375427246e-01,7.702612876892089844e-01,8.262497186660766602e-01,8.707491755485534668e-01,8.876741528511047363e-01
9.020183086395263672e-01,8.297880887985229492e-01,8.180969357490539551e-01,7.544028759002685547e-01,7.093885540962219238e-01,6.077952384948730469e-01,5.800145268440246582e-01,6.339647769927978516e-01,6.833596229553222656e-01,6.872171759605407715e-01,7.019211053848266602e-01,7.515454888343811035e-01,8.024820685386657715e-01,8.490845561027526855e-01,8.746011257171630859e-01
8.972285389900207520e-01,8.287883400917053223e-01,8.128617405891418457e-01,7.357785105705261230e-01,6.931953430175781250e-01,5.828164219856262207e-01,5.255601406097412109e-01,5.448828935623168945e-01,5.744170546531677246e-01,5.998314619064331055e-01,6.630983352661132812e-01,7.222396135330200195e-01,7.886778116226196289e-01,8.450887203216552734e-01,8.720753192901611328e-01
9.261646270751953125e-01,8.772335648536682129e-01,8.711845874786376953e-01,7.536836862564086914e-01,6.653306484222412109e-01,5.408991575241088867e-01,5.349417924880981445e-01,6.199163198471069336e-01,6.598557233810424805e-01,6.651466488838195801e-01,6.970505714416503906e-01,7.451932430267333984e-01,8.127577304840087891e-01,8.579564690589904785e-01,8.687638640403747559e-01
8.866190314292907715e-01,8.201704025268554688e-01,8.253485560417175293e-01,7.797423601150512695e-01,6.968047618865966797e-01,5.598315596580505371e-01,4.766882061958312988e-01,4.930727779865264893e-01,5.789729356765747070e-01,6.208773255348205566e-01,6.792775392532348633e-01,7.354519367218017578e-01,7.993704676628112793e-01,8.499833941459655762e-01,8.624221682548522949e-01
8.788288831710815430e-01,8.199753761291503906e-01,8.266784548759460449e-01,7.516418099403381348e-01,6.674795746803283691e-01,5.104935169219970703e-01,4.854768812656402588e-01,5.449198484420776367e-01,6.009715795516967773e-01,6.174839138984680176e-01,6.635126471519470215e-01,7.256883382797241211e-01,7.890180349349975586e-01,8.487282395362854004e-01,8.653865456581115723e-01
0.000000000000000000e+00,0.000000000000000000e+00,0.000000000000000000e+00,0.000000000000000000e+00,-0.000000000000000000e+00,-0.000000000000000000e+00,-0.000000000000000000e+00,-0.000000000000000000e+00,-0.000000000000000000e+00,-0.000000000000000000e+00,-0.000000000000000000e+00,0.000000000000000000e+00,0.000000000000000000e+00,0.000000000000000000e+00,0.000000000000000000e+00
1.046918053179979324e-02,1.046918053179979324e-02,1.046918053179979324e-02,1.046918053179979324e-02,1.046918053179979324e-02,8.521773852407932281e-03,2.800862130243331194e-04,-3.469446951953614189e-18,-3.469446951953614189e-18,-3.469446951953614189e-18,-3.469446951953614189e-18,-3.109246522005967991e-17,-3.109246522005967991e-17,-3.109246522005967991e-17,-3.109246522005967991e-17
-8.825610578060150146e-02,-8.825610578060150146e-02,-8.825610578060150146e-02,-8.825610578060150146e-02,-8.825610578060150146e-02,-6.531681120395660400e-02,-2.842596359550952911e-02,1.977024972438812256e-02,5.789737030863761902e-02,7.983629405498504639e-02,7.813356816768646240e-02,7.813356816768646240e-02,7.813356816768646240e-02,7.813356816768646240e-02,7.813356816768646240e-02
-6.856637448072433472e-02,-6.856637448072433472e-02,-6.856637448072433472e-02,-6.856637448072433472e-02,-6.856637448072433472e-02,-5.710504576563835144e-02,-3.295921161770820618e-02,-6.760110409231856465e-05,3.539486974477767944e-02,6.252226233482360840e-02,6.891178339719772339e-02,6.891178339719772339e-02,6.891178339719772339e-02,6.891178339719772339e-02,6.891178339719772339e-02
-5.273811891674995422e-02,-5.273811891674995422e-02,-5.273811891674995422e-02,-5.273811891674995422e-02,-5.273811891674995422e-02,-4.274171590805053711e-02,-2.635361813008785248e-02,-3.030981635674834251e-03,1.890999637544155121e-02,3.853688016533851624e-02,4.512933641672134399e-02,4.512933641672134399e-02,4.512933641672134399e-02,4.512933641672134399e-02,4.512933641672134399e-02
-6.424117833375930786e-02,-6.424117833375930786e-02,-6.424117833375930786e-02,-6.424117833375930786e-02,-6.424117833375930786e-02,-5.073947086930274963e-02,-3.080013766884803772e-02,3.262922109570354223e-04,2.978316880762577057e-02,4.915823042392730713e-02,5.298932641744613647e-02,5.298932641744613647e-02,5.298932641744613647e-02,5.298932641744613647e-02,5.298932641744613647e-02
-6.370694190263748169e-02,-6.370694190263748169e-02,-6.370694190263748169e-02,-6.370694190263748169e-02,-6.370694190263748169e-02,-4.988616332411766052e-02,-2.931873500347137451e-02,8.386343833990395069e-04,2.955319173634052277e-02,5.118302255868911743e-02,5.878988280892372131e-02,5.878988280892372131e-02,5.878988280892372131e-02,5.878988280892372131e-02,5.878988280892372131e-02
-5.192250758409500122e-02,-5.192250758409500122e-02,-5.192250758409500122e-02,-5.192250758409500122e-02,-5.192250758409500122e-02,-3.837329521775245667e-02,-2.054827287793159485e-02,3.217994235455989838e-03,2.555073238909244537e-02,4.352138936519622803e-02,4.735990241169929504e-02,4.735990241169929504e-02,4.735990241169929504e-02,4.735990241169929504e-02,4.735990241169929504e-02
-3.474795073270797729e-02,-3.474795073270797729e-02,-3.474795073270797729e-02,-3.474795073270797729e-02,-3.474795073270797729e-02,-2.241243049502372742e-02,-1.153581216931343079e-02,3.805951215326786041e-03,1.834484003484249115e-02,3.143804520368576050e-02,3.543798252940177917e-02,3.543798252940177917e-02,3.543798252940177917e-02,3.543798252940177917e-02,3.543798252940177917e-02
-4.784212633967399597e-02,-4.784212633967399597e-02,-4.784212633967399597e-02,-4.784212633967399597e-02,-4.784212633967399597e-02,-3.634313493967056274e-02,-2.137308195233345032e-02,-1.025993609800934792e-03,1.883707381784915924e-02,3.803061693906784058e-02,4.729346558451652527e-02,4.729346558451652527e-02,4.729346558451652527e-02,4.729346558451652527e-02,4.729346558451652527e-02
-4.537429288029670715e-02,-4.537429288029670715e-02,-4.537429288029670715e-02,-4.537429288029670715e-02,-4.537429288029670715e-02,-3.133763000369071960e-02,-1.490133069455623627e-02,7.243448402732610703e-03,2.620064094662666321e-02,3.982376307249069214e-02,4.058765619993209839e-02,4.058765619993209839e-02,4.058765619993209839e-02,4.058765619993209839e-02,4.058765619993209839e-02
-5.215181410312652588e-02,-5.215181410312652588e-02,-5.215181410312652588e-02,-5.215181410312652588e-02,-5.215181410312652588e-02,-3.882924839854240417e-02,-2.272169291973114014e-02,-8.945167064666748047e-05,2.450178563594818115e-02,4.522861912846565247e-02,5.281728878617286682e-02,5.281728878617286682e-02,5.281728878617286682e-02,5.281728878617286682e-02,5.281728878617286682e-02
-4.766912013292312622e-02,-4.766912013292312622e-02,-4.766912013292312622e-02,-4.766912013292312622e-02,-4.766912013292312622e-02,-3.470888361334800720e-02,-1.922877691686153412e-02,3.562680445611476898e-03,2.600623108446598053e-02,4.479400813579559326e-02,4.858935251832008362e-02,4.858935251832008362e-02,4.858935251832008362e-02,4.858935251832008362e-02,4.858935251832008362e-02
0.000000000000000000e+00,0.000000000000000000e+00,0.000000000000000000e+00,0.000000000000000000e+00,0.000000000000000000e+00,0.000000000000000000e+00,0.000000000000000000e+00,0.000000000000000000e+00,0.000000000000000000e+00,0.000000000000000000e+00,0.000000000000000000e+00,0.000000000000000000e+00,0.000000000000000000e+00,0.000000000000000000e+00,0.000000000000000000e+00
-5.539325531572103500e-03,-5.539325531572103500e-03,-5.539325531572103500e-03,-5.539325531572103500e-03,-5.539325531572103500e-03,-7.619754876941442490e-03,-2.546238247305154800e-04,1.387778780781445676e-17,1.387778780781445676e-17,1.387778780781445676e-17,1.387778780781445676e-17,-3.743857833595425717e-17,-3.743857833595425717e-17,-3.743857833595425717e-17,-3.743857833595425717e-17
2.113213390111923218e-02,2.113213390111923218e-02,2.113213390111923218e-02,2.113213390111923218e-02,2.113213390111923218e-02,4.798574745655059814e-02,6.140281632542610168e-02,5.057486146688461304e-02,3.037137351930141449e-02,3.526714397594332695e-03,-1.348752435296773911e-02,-1.348752435296773911e-02,-1.348752435296773911e-02,-1.348752435296773911e-02,-1.348752435296773911e-02
3.710806602612137794e-03,3.710806602612137794e-03,3.710806602612137794e-03,3.710806602612137794e-03,3.710806602612137794e-03,2.460225299000740051e-02,4.134528338909149170e-02,4.708707332611083984e-02,3.664329275488853455e-02,1.323548704385757446e-02,-4.739871248602867126e-03,-4.739871248602867126e-03,-4.739871248602867126e-03,-4.739871248602867126e-03,-4.739871248602867126e-03
7.295564748346805573e-03,7.295564748346805573e-03,7.295564748346805573e-03,7.295564748346805573e-03,7.295564748346805573e-03,2.189565822482109070e-02,3.052148781716823578e-02,2.623379416763782501e-02,2.055109478533267975e-02,9.494278579950332642e-03,5.425663548521697521e-04,5.425663548521697521e-04,5.425663548521697521e-04,5.425663548521697521e-04,5.425663548521697521e-04
1.907200366258621216e-02,1.907200366258621216e-02,1.907200366258621216e-02,1.907200366258621216e-02,1.907200366258621216e-02,3.128451481461524963e-02,3.709176555275917053e-02,2.840062230825424194e-02,1.681248284876346588e-02,8.411679416894912720e-03,5.912475287914276123e-03,5.912475287914276123e-03,5.912475287914276123e-03,5.912475287914276123e-03,5.912475287914276123e-03
1.274134963750839233e-02,1.274134963750839233e-02,1.274134963750839233e-02,1.274134963750839233e-02,1.274134963750839233e-02,2.559988945722579956e-02,3.619207814335823059e-02,3.375023603439331055e-02,2.405102178454399109e-02,1.159477606415748596e-02,3.073474625125527382e-03,3.073474625125527382e-03,3.073474625125527382e-03,3.073474625125527382e-03,3.073474625125527382e-03
1.175721921026706696e-02,1.175721921026706696e-02,1.175721921026706696e-02,1.175721921026706696e-02,1.175721921026706696e-02,2.257615327835083008e-02,3.078757412731647491e-02,2.808611281216144562e-02,1.952955313026905060e-02,6.206977181136608124e-03,-1.009999075904488564e-03,-1.009999075904488564e-03,-1.009999075904488564e-03,-1.009999075904488564e-03,-1.009999075904488564e-03
1.321822777390480042e-02,1.321822777390480042e-02,1.321822777390480042e-02,1.321822777390480042e-02,1.321822777390480042e-02,1.689100638031959534e-02,1.904685981571674347e-02,1.629646494984626770e-02,1.182898692786693573e-02,4.527948796749114990e-03,1.572430017404258251e-03,1.572430017404258251e-03,1.572430017404258251e-03,1.572430017404258251e-03,1.572430017404258251e-03
8.299523033201694489e-03,8.299523033201694489e-03,8.299523033201694489e-03,8.299523033201694489e-03,8.299523033201694489e-03,1.535031013190746307e-02,2.349169179797172546e-02,2.437253296375274658e-02,2.201317623257637024e-02,1.300787646323442459e-02,4.808788653463125229e-03,4.808788653463125229e-03,4.808788653463125229e-03,4.808788653463125229e-03,4.808788653463125229e-03
1.801966875791549683e-02,1.801966875791549683e-02,1.801966875791549683e-02,1.801966875791549683e-02,1.801966875791549683e-02,2.530847117304801941e-02,2.772339060902595520e-02,1.979864016175270081e-02,1.188311167061328888e-02,2.836878178641200066e-03,-1.056911642081104219e-04,-1.056911642081104219e-04,-1.056911642081104219e-04,-1.056911642081104219e-04,-1.056911642081104219e-04
6.718899123370647430e-03,6.718899123370647430e-03,6.718899123370647430e-03,6.718899123370647430e-03,6.718899123370647430e-03,1.915812492370605469e-02,3.094049543142318726e-02,3.204469755291938782e-02,2.423280104994773865e-02,1.032733172178268433e-02,-1.674051512964069843e-03,-1.674051512964069843e-03,-1.674051512964069843e-03,-1.674051512964069843e-03,-1.674051512964069843e-03
1.230637356638908386e-02,1.230637356638908386e-02,1.230637356638908386e-02,1.230637356638908386e-02,1.230637356638908386e-02,2.177442982792854309e-02,2.924254722893238068e-02,2.660248801112174988e-02,1.831816881895065308e-02,6.426186300814151764e-03,7.697282126173377037e-04,7.697282126173377037e-04,7.697282126173377037e-04,7.697282126173377037e-04,7.697282126173377037e-04
