0.000000000000000000e+00,0.000000000000000000e+00,0.000000000000000000e+00,0.000000000000000000e+00,0.000000000000000000e+00,0.000000000000000000e+00,0.000000000000000000e+00,0.000000000000000000e+00,0.000000000000000000e+00,0.000000000000000000e+00,0.000000000000000000e+00,0.000000000000000000e+00,0.000000000000000000e+00
1.000000000000000000e+00,1.000000000000000000e+00,1.000000000000000000e+00,1.000000000000000000e+00,1.000000000000000000e+00,1.000000000000000000e+00,1.000000000000000000e+00,1.000000000000000000e+00,1.000000000000000000e+00,1.000000000000000000e+00,1.000000000000000000e+00,1.000000000000000000e+00,1.000000000000000000e+00
9.116125106811523438e-01,8.312603235244750977e-01,7.364339232444763184e-01,6.100621819496154785e-01,4.205033481121063232e-01,2.359686791896820068e-01,2.875306308269500732e-01,4.644833207130432129e-01,6.513378024101257324e-01,7.611674070358276367e-01,8.332803249359130859e-01,8.634696006774902344e-01,8.920413255691528320e-01
8.946586251258850098e-01,8.286042809486389160e-01,8.504579663276672363e-01,8.350263833999633789e-01,6.801190376281738281e-01,4.640001058578491211e-01,4.503979384899139404e-01,5.063217282295227051e-01,6.443515419960021973e-01,7.415873408317565918e-01,8.375332951545715332e-01,8.814623951911926270e-01,8.848398327827453613e-01
8.714608550071716309e-01,8.003224730491638184e-01,7.901736497879028320e-01,8.300582766532897949e-01,7.745574116706848145e-01,6.190038919448852539e-01,5.790169835090637207e-01,6.321534514427185059e-01,6.721128821372985840e-01,7.090721726417541504e-01,7.735512852668762207e-01,8.178561925888061523e-01,8.455333113670349121e-01
8.576131463050842285e-01,7.724058628082275391e-01,6.399242281913757324e-01,5.315449833869934082e-01,4.192057847976684570e-01,3.331755995750427246e-01,3.708728551864624023e-01,4.382523596286773682e-01,5.027691721916198730e-01,5.818514823913574219e-01,6.673004031181335449e-01,7.380163669586181641e-01,8.272713422775268555e-01
8.486979603767395020e-01,7.819954156875610352e-01,7.907134890556335449e-01,7.671841979026794434e-01,6.320260763168334961e-01,4.837203323841094971e-01,4.577513337135314941e-01,5.163846611976623535e-01,6.010361313819885254e-01,6.581277847290039062e-01,7.311520576477050781e-01,7.757178544998168945e-01,8.267514109611511230e-01
8.531177639961242676e-01,7.570881247520446777e-01,7.297642827033996582e-01,7.288424372673034668e-01,6.509315371513366699e-01,5.472506880760192871e-01,5.283342003822326660e-01,5.699344277381896973e-01,6.350891590118408203e-01,6.791037917137145996e-01,7.461200952529907227e-01,7.946087718009948730e-01,8.263289332389831543e-01
8.229540586471557617e-01,7.268362045288085938e-01,7.010250091552734375e-01,7.134867906570434570e-01,6.787196397781372070e-01,5.705572366714477539e-01,5.510860681533813477e-01,6.156422495841979980e-01,6.796516180038452148e-01,7.155522108078002930e-01,7.523986101150512695e-01,8.030081987380981445e-01,8.582940101623535156e-01
8.321754932403564453e-01,7.101125121116638184e-01,6.799798607826232910e-01,7.176871299743652344e-01,7.125755548477172852e-01,6.039028763771057129e-01,5.739390850067138672e-01,6.094732880592346191e-01,6.307993531227111816e-01,6.412789821624755859e-01,7.101105451583862305e-01,7.682047486305236816e-01,8.325622677803039551e-01
8.359615802764892578e-01,7.295323014259338379e-01,6.663379073143005371e-01,6.443446278572082520e-01,5.681290626525878906e-01,4.508199989795684814e-01,4.552980959415435791e-01,5.199050307273864746e-01,6.025163531303405762e-01,6.444649100303649902e-01,7.118286490440368652e-01,7.698841094970703125e-01,8.239685893058776855e-01
8.459616303443908691e-01,7.684957981109619141e-01,7.653242349624633789e-01,7.803241610527038574e-01,6.718987822532653809e-01,5.302703380584716797e-01,4.969715476036071777e-01,5.634685754776000977e-01,6.555558443069458008e-01,7.015270590782165527e-01,7.502207159996032715e-01,7.969104051589965820e-01,8.499657511711120605e-01
8.192957043647766113e-01,7.328456044197082520e-01,6.911941766738891602e-01,7.080976963043212891e-01,6.287388205528259277e-01,5.023638010025024414e-01,4.961324632167816162e-01,5.526091456413269043e-01,6.116560697555541992e-01,6.442235112190246582e-01,7.067085504531860352e-01,7.567937970161437988e-01,8.350996375083923340e-01
0.000000000000000000e+00,0.000000000000000000e+00,0.000000000000000000e+00,0.000000000000000000e+00,-0.000000000000000000e+00,-0.000000000000000000e+00,-0.000000000000000000e+00,-0.000000000000000000e+00,-0.000000000000000000e+00,0.000000000000000000e+00,0.000000000000000000e+00,0.000000000000000000e+00,0.000000000000000000e+00
-3.109246522005967991e-17,-3.109246522005967991e-17,-3.109246522005967991e-17,-3.109246522005967991e-17,-3.469446951953614189e-18,-3.469446951953614189e-18,-3.469446951953614189e-18,-3.469446951953614189e-18,-3.469446951953614189e-18,-3.109246522005967991e-17,-3.109246522005967991e-17,-3.109246522005967991e-17,-3.109246522005967991e-17
-5.688883364200592041e-02,-5.688883364200592041e-02,-5.688883364200592041e-02,-5.688883364200592041e-02,-5.688883364200592041e-02,-1.599650830030441284e-02,2.551474794745445251e-02,6.110275536775588989e-02,8.594730496406555176e-02,8.594730496406555176e-02,8.594730496406555176e-02,8.594730496406555176e-02,8.594730496406555176e-02
-5.232037231326103210e-02,-5.232037231326103210e-02,-5.232037231326103210e-02,-5.232037231326103210e-02,-5.232037231326103210e-02,-3.089195676147937775e-02,-6.020486354827880859e-03,2.345191501080989838e-02,5.134677141904830933e-02,5.134677141904830933e-02,5.134677141904830933e-02,5.134677141904830933e-02,5.134677141904830933e-02
-3.225444629788398743e-02,-3.225444629788398743e-02,-3.225444629788398743e-02,-3.225444629788398743e-02,-3.225444629788398743e-02,-2.184222638607025146e-02,-1.035312097519636154e-02,3.690095851197838783e-03,2.244079671800136566e-02,2.244079671800136566e-02,2.244079671800136566e-02,2.244079671800136566e-02,2.244079671800136566e-02
-5.263847485184669495e-02,-5.263847485184669495e-02,-5.263847485184669495e-02,-5.263847485184669495e-02,-5.263847485184669495e-02,-2.347668074071407318e-02,8.877129293978214264e-03,3.665695711970329285e-02,5.972064658999443054e-02,5.972064658999443054e-02,5.972064658999443054e-02,5.972064658999443054e-02,5.972064658999443054e-02
-4.561446234583854675e-02,-4.561446234583854675e-02,-4.561446234583854675e-02,-4.561446234583854675e-02,-4.561446234583854675e-02,-2.900627441704273224e-02,-9.912175126373767853e-03,1.372687146067619324e-02,3.905730694532394409e-02,3.905730694532394409e-02,3.905730694532394409e-02,3.905730694532394409e-02,3.905730694532394409e-02
-3.363379091024398804e-02,-3.363379091024398804e-02,-3.363379091024398804e-02,-3.363379091024398804e-02,-3.363379091024398804e-02,-1.727293431758880615e-02,-1.546561717987060547e-03,1.531820278614759445e-02,3.314008191227912903e-02,3.314008191227912903e-02,3.314008191227912903e-02,3.314008191227912903e-02,3.314008191227912903e-02
-2.249331772327423096e-02,-2.249331772327423096e-02,-2.249331772327423096e-02,-2.249331772327423096e-02,-2.249331772327423096e-02,-7.209646515548229218e-03,4.310660529881715775e-03,1.662796735763549805e-02,3.196975588798522949e-02,3.196975588798522949e-02,3.196975588798522949e-02,3.196975588798522949e-02,3.196975588798522949e-02
-2.388813346624374390e-02,-2.388813346624374390e-02,-2.388813346624374390e-02,-2.388813346624374390e-02,-2.388813346624374390e-02,-1.296566333621740341e-02,-4.444728139787912369e-03,5.438132211565971375e-03,2.128335088491439819e-02,2.128335088491439819e-02,2.128335088491439819e-02,2.128335088491439819e-02,2.128335088491439819e-02
-3.630444779992103577e-02,-3.630444779992103577e-02,-3.630444779992103577e-02,-3.630444779992103577e-02,-3.630444779992103577e-02,-1.489073969423770905e-02,5.336390342563390732e-03,2.446274645626544952e-02,4.363619163632392883e-02,4.363619163632392883e-02,4.363619163632392883e-02,4.363619163632392883e-02,4.363619163632392883e-02
-3.605773299932479858e-02,-3.605773299932479858e-02,-3.605773299932479858e-02,-3.605773299932479858e-02,-3.605773299932479858e-02,-2.009697631001472473e-02,-4.938216879963874817e-03,1.337347552180290222e-02,3.594574704766273499e-02,3.594574704766273499e-02,3.594574704766273499e-02,3.594574704766273499e-02,3.594574704766273499e-02
-3.278541937470436096e-02,-3.278541937470436096e-02,-3.278541937470436096e-02,-3.278541937470436096e-02,-3.278541937470436096e-02,-1.727810315787792206e-02,-1.891420339234173298e-03,1.379894372075796127e-02,3.502499684691429138e-02,3.502499684691429138e-02,3.502499684691429138e-02,3.502499684691429138e-02,3.502499684691429138e-02
0.000000000000000000e+00,0.000000000000000000e+00,0.000000000000000000e+00,0.000000000000000000e+00,0.000000000000000000e+00,0.000000000000000000e+00,0.000000000000000000e+00,0.000000000000000000e+00,0.000000000000000000e+00,0.000000000000000000e+00,0.000000000000000000e+00,0.000000000000000000e+00,0.000000000000000000e+00
-3.743857833595425717e-17,-3.743857833595425717e-17,-3.743857833595425717e-17,-3.743857833595425717e-17,1.387778780781445676e-17,1.387778780781445676e-17,1.387778780781445676e-17,1.387778780781445676e-17,1.387778780781445676e-17,-3.743857833595425717e-17,-3.743857833595425717e-17,-3.743857833595425717e-17,-3.743857833595425717e-17
4.729113727807998657e-02,4.729113727807998657e-02,4.729113727807998657e-02,4.729113727807998657e-02,4.729113727807998657e-02,6.266247481107711792e-02,5.912896245718002319e-02,3.638064488768577576e-02,3.502192208543419838e-03,3.502192208543419838e-03,3.502192208543419838e-03,3.502192208543419838e-03,3.502192208543419838e-03
1.373179350048303604e-02,1.373179350048303604e-02,1.373179350048303604e-02,1.373179350048303604e-02,1.373179350048303604e-02,3.289925679564476013e-02,4.805380105972290039e-02,4.394670203328132629e-02,1.911721006035804749e-02,1.911721006035804749e-02,1.911721006035804749e-02,1.911721006035804749e-02,1.911721006035804749e-02
4.694082308560609818e-03,4.694082308560609818e-03,4.694082308560609818e-03,4.694082308560609818e-03,4.694082308560609818e-03,1.171108055859804153e-02,2.193687111139297485e-02,2.692961134016513824e-02,1.808857545256614685e-02,1.808857545256614685e-02,1.808857545256614685e-02,1.808857545256614685e-02,1.808857545256614685e-02
3.332158178091049194e-02,3.332158178091049194e-02,3.332158178091049194e-02,3.332158178091049194e-02,3.332158178091049194e-02,3.910136595368385315e-02,3.568946570158004761e-02,2.644173800945281982e-02,1.449603587388992310e-02,1.449603587388992310e-02,1.449603587388992310e-02,1.449603587388992310e-02,1.449603587388992310e-02
1.252726837992668152e-02,1.252726837992668152e-02,1.252726837992668152e-02,1.252726837992668152e-02,1.252726837992668152e-02,2.510070055723190308e-02,3.586170822381973267e-02,3.307714313268661499e-02,1.766921207308769226e-02,1.766921207308769226e-02,1.766921207308769226e-02,1.766921207308769226e-02,1.766921207308769226e-02
1.338084414601325989e-02,1.338084414601325989e-02,1.338084414601325989e-02,1.338084414601325989e-02,1.338084414601325989e-02,1.814848743379116058e-02,2.453114651143550873e-02,2.477981336414813995e-02,1.434035133570432663e-02,1.434035133570432663e-02,1.434035133570432663e-02,1.434035133570432663e-02,1.434035133570432663e-02
1.309584081172943115e-02,1.309584081172943115e-02,1.309584081172943115e-02,1.309584081172943115e-02,1.309584081172943115e-02,1.536956243216991425e-02,1.871223375201225281e-02,1.938403956592082977e-02,1.298728305846452713e-02,1.298728305846452713e-02,1.298728305846452713e-02,1.298728305846452713e-02,1.298728305846452713e-02
7.468622177839279175e-03,7.468622177839279175e-03,7.468622177839279175e-03,7.468622177839279175e-03,7.468622177839279175e-03,5.299407988786697388e-03,1.208250690251588821e-02,1.933398470282554626e-02,1.886891759932041168e-02,1.886891759932041168e-02,1.886891759932041168e-02,1.886891759932041168e-02,1.886891759932041168e-02
2.179648354649543762e-02,2.179648354649543762e-02,2.179648354649543762e-02,2.179648354649543762e-02,2.179648354649543762e-02,2.516286261379718781e-02,2.735255286097526550e-02,2.470753900706768036e-02,1.372734457254409790e-02,1.372734457254409790e-02,1.372734457254409790e-02,1.372734457254409790e-02,1.372734457254409790e-02
1.201253570616245270e-02,1.201253570616245270e-02,1.201253570616245270e-02,1.201253570616245270e-02,1.201253570616245270e-02,2.138583548367023468e-02,2.955754846334457397e-02,2.900581806898117065e-02,1.582011207938194275e-02,1.582011207938194275e-02,1.582011207938194275e-02,1.582011207938194275e-02,1.582011207938194275e-02
1.388224679976701736e-02,1.388224679976701736e-02,1.388224679976701736e-02,1.388224679976701736e-02,1.388224679976701736e-02,1.822974905371665955e-02,2.343544736504554749e-02,2.447577193379402161e-02,1.644929684698581696e-02,1.644929684698581696e-02,1.644929684698581696e-02,1.644929684698581696e-02,1.644929684698581696e-02
