0.000000000000000000e+00,0.000000000000000000e+00,0.000000000000000000e+00,0.000000000000000000e+00,0.000000000000000000e+00,0.000000000000000000e+00,0.000000000000000000e+00,0.000000000000000000e+00,0.000000000000000000e+00,0.000000000000000000e+00,0.000000000000000000e+00,0.000000000000000000e+00,0.000000000000000000e+00,0.000000000000000000e+00
1.000000000000000000e+00,1.000000000000000000e+00,1.000000000000000000e+00,1.000000000000000000e+00,1.000000000000000000e+00,1.000000000000000000e+00,1.000000000000000000e+00,1.000000000000000000e+00,1.000000000000000000e+00,1.000000000000000000e+00,1.000000000000000000e+00,1.000000000000000000e+00,1.000000000000000000e+00,1.000000000000000000e+00
9.976051449775695801e-01,8.282466530799865723e-01,6.245027780532836914e-01,4.729635715484619141e-01,3.033024370670318604e-01,2.500912845134735107e-01,3.569644987583160400e-01,5.160795450210571289e-01,6.653140783309936523e-01,7.418783307075500488e-01,8.101030588150024414e-01,8.661716580390930176e-01,8.882914185523986816e-01,9.089182615280151367e-01
9.419251084327697754e-01,8.172848224639892578e-01,7.032268047332763672e-01,5.912887454032897949e-01,4.038594961166381836e-01,3.441345691680908203e-01,4.142078757286071777e-01,5.327734947204589844e-01,6.879789233207702637e-01,7.855058908462524414e-01,8.455029726028442383e-01,8.657760620117187500e-01,8.775349855422973633e-01,8.957282304763793945e-01
9.595512747764587402e-01,8.312252163887023926e-01,7.906115651130676270e-01,7.733763456344604492e-01,6.715180873870849609e-01,5.761500000953674316e-01,5.982174277305603027e-01,6.690719723701477051e-01,7.439724206924438477e-01,7.791223526000976562e-01,8.199542164802551270e-01,8.468179702758789062e-01,8.620586395263671875e-01,8.787698149681091309e-01
9.372513294219970703e-01,6.545872092247009277e-01,4.660089015960693359e-01,3.968686163425445557e-01,3.619771599769592285e-01,3.330329656600952148e-01,3.904475867748260498e-01,4.754672944545745850e-01,5.494575500488281250e-01,5.963417887687683105e-01,6.710392236709594727e-01,7.694295644760131836e-01,8.433585762977600098e-01,8.712005019187927246e-01
9.417967200279235840e-01,7.708070278167724609e-01,6.533391475677490234e-01,5.868268609046936035e-01,4.963957667350769043e-01,4.286345839500427246e-01,4.837233424186706543e-01,5.534496307373046875e-01,6.492332816123962402e-01,7.241729497909545898e-01,7.553400993347167969e-01,7.967744469642639160e-01,8.355844020843505859e-01,8.657709360122680664e-01
9.123725891113281250e-01,7.649080753326416016e-01,6.490961313247680664e-01,6.087249517440795898e-01,5.781927704811096191e-01,5.237655639648437500e-01,5.492908954620361328e-01,6.322608590126037598e-01,7.198072671890258789e-01,7.603597044944763184e-01,7.953275442123413086e-01,8.300919532775878906e-01,8.542090654373168945e-01,8.698484301567077637e-01
9.384970068931579590e-01,7.430275082588195801e-01,6.074076890945434570e-01,5.797795653343200684e-01,5.464585423469543457e-01,4.815003275871276855e-01,5.457530617713928223e-01,6.381052732467651367e-01,7.158779501914978027e-01,7.523185610771179199e-01,7.881922721862792969e-01,8.285527229309082031e-01,8.586785793304443359e-01,8.645204305648803711e-01
9.153448343276977539e-01,7.049953937530517578e-01,6.347669363021850586e-01,6.493320465087890625e-01,6.346919536590576172e-01,5.831094980239868164e-01,6.002272367477416992e-01,6.408593654632568359e-01,6.984634995460510254e-01,7.344096302986145020e-01,7.564542293548583984e-01,8.022257685661315918e-01,8.517509102821350098e-01,8.748387694358825684e-01
9.081697463989257812e-01,7.116791605949401855e-01,5.589177012443542480e-01,5.174877047538757324e-01,4.848485589027404785e-01,4.407124221324920654e-01,5.087965726852416992e-01,5.945507884025573730e-01,6.721395254135131836e-01,7.264473438262939453e-01,7.643281817436218262e-01,8.050094246864318848e-01,8.405981659889221191e-01,8.628122210502624512e-01
9.072813987731933594e-01,7.740905880928039551e-01,6.682308912277221680e-01,5.997263193130493164e-01,5.167211890220642090e-01,4.337117671966552734e-01,4.701116383075714111e-01,5.744988322257995605e-01,6.834723353385925293e-01,7.321530580520629883e-01,7.765522599220275879e-01,8.172241449356079102e-01,8.464215397834777832e-01,8.603615164756774902e-01
9.065703153610229492e-01,7.468504309654235840e-01,6.378531455993652344e-01,5.955331325531005859e-01,5.299973487854003906e-01,4.851671159267425537e-01,5.445935130119323730e-01,6.163364648818969727e-01,6.990908384323120117e-01,7.373204231262207031e-01,7.680494785308837891e-01,8.060164451599121094e-01,8.383978605270385742e-01,8.585308194160461426e-01
0.000000000000000000e+00,0.000000000000000000e+00,0.000000000000000000e+00,0.000000000000000000e+00,-0.000000000000000000e+00,-0.000000000000000000e+00,-0.000000000000000000e+00,-0.000000000000000000e+00,-0.000000000000000000e+00,-0.000000000000000000e+00,0.000000000000000000e+00,0.000000000000000000e+00,0.000000000000000000e+00,0.000000000000000000e+00
-3.109246522005967991e-17,-3.109246522005967991e-17,-3.109246522005967991e-17,-3.109246522005967991e-17,-3.469446951953614189e-18,-3.469446951953614189e-18,-3.469446951953614189e-18,-3.469446951953614189e-18,-3.469446951953614189e-18,-3.469446951953614189e-18,-3.109246522005967991e-17,-3.109246522005967991e-17,-3.109246522005967991e-17,-3.109246522005967991e-17
-5.039357393980026245e-02,-5.039357393980026245e-02,-5.039357393980026245e-02,-5.039357393980026245e-02,-5.039357393980026245e-02,-1.385756302624940872e-03,4.231928288936614990e-02,7.308596372604370117e-02,8.867121487855911255e-02,8.457103371620178223e-02,8.457103371620178223e-02,8.457103371620178223e-02,8.457103371620178223e-02,8.457103371620178223e-02
-4.490851238369941711e-02,-4.490851238369941711e-02,-4.490851238369941711e-02,-4.490851238369941711e-02,-4.490851238369941711e-02,-4.659024998545646667e-03,3.181056305766105652e-02,5.965655669569969177e-02,7.624915242195129395e-02,7.366475462913513184e-02,7.366475462913513184e-02,7.366475462913513184e-02,7.366475462913513184e-02,7.366475462913513184e-02
-3.217982873320579529e-02,-3.217982873320579529e-02,-3.217982873320579529e-02,-3.217982873320579529e-02,-3.217982873320579529e-02,-1.050397194921970367e-02,6.207321304827928543e-03,2.151290886104106903e-02,3.546150028705596924e-02,4.055794328451156616e-02,4.055794328451156616e-02,4.055794328451156616e-02,4.055794328451156616e-02,4.055794328451156616e-02
-3.839155286550521851e-02,-3.839155286550521851e-02,-3.839155286550521851e-02,-3.839155286550521851e-02,-3.839155286550521851e-02,3.383867442607879639e-03,3.226559981703758240e-02,5.171762779355049133e-02,6.527955085039138794e-02,7.034848630428314209e-02,7.034848630428314209e-02,7.034848630428314209e-02,7.034848630428314209e-02,7.034848630428314209e-02
-3.866249695420265198e-02,-3.866249695420265198e-02,-3.866249695420265198e-02,-3.866249695420265198e-02,-3.866249695420265198e-02,-4.638013429939746857e-03,2.084220200777053833e-02,3.955350071191787720e-02,5.291884765028953552e-02,5.661474913358688354e-02,5.661474913358688354e-02,5.661474913358688354e-02,5.661474913358688354e-02,5.661474913358688354e-02
-2.421288006007671356e-02,-2.421288006007671356e-02,-2.421288006007671356e-02,-2.421288006007671356e-02,-2.421288006007671356e-02,3.535164287313818932e-03,2.385923638939857483e-02,3.634294867515563965e-02,4.405360668897628784e-02,4.617113992571830750e-02,4.617113992571830750e-02,4.617113992571830750e-02,4.617113992571830750e-02,4.617113992571830750e-02
-2.378052286803722382e-02,-2.378052286803722382e-02,-2.378052286803722382e-02,-2.378052286803722382e-02,-2.378052286803722382e-02,7.975349202752113342e-03,2.893665060400962830e-02,4.053425416350364685e-02,4.815215244889259338e-02,4.873443767428398132e-02,4.873443767428398132e-02,4.873443767428398132e-02,4.873443767428398132e-02,4.873443767428398132e-02
-1.992058940231800079e-02,-1.992058940231800079e-02,-1.992058940231800079e-02,-1.992058940231800079e-02,-1.992058940231800079e-02,4.288942553102970123e-03,1.545458100736141205e-02,2.296163700520992279e-02,3.219314664602279663e-02,3.837019577622413635e-02,3.837019577622413635e-02,3.837019577622413635e-02,3.837019577622413635e-02,3.837019577622413635e-02
-2.454205974936485291e-02,-2.454205974936485291e-02,-2.454205974936485291e-02,-2.454205974936485291e-02,-2.454205974936485291e-02,9.613540023565292358e-03,3.294901922345161438e-02,4.538897424936294556e-02,5.264748632907867432e-02,5.328183248639106750e-02,5.328183248639106750e-02,5.328183248639106750e-02,5.328183248639106750e-02,5.328183248639106750e-02
-3.427107632160186768e-02,-3.427107632160186768e-02,-3.427107632160186768e-02,-3.427107632160186768e-02,-3.427107632160186768e-02,-3.651505103334784508e-03,2.174758352339267731e-02,4.099546372890472412e-02,5.399790033698081970e-02,5.690098926424980164e-02,5.690098926424980164e-02,5.690098926424980164e-02,5.690098926424980164e-02,5.690098926424980164e-02
-2.530575171113014221e-02,-2.530575171113014221e-02,-2.530575171113014221e-02,-2.530575171113014221e-02,-2.530575171113014221e-02,3.363264491781592369e-03,2.359172515571117401e-02,3.691489249467849731e-02,4.606743156909942627e-02,4.705310612916946411e-02,4.705310612916946411e-02,4.705310612916946411e-02,4.705310612916946411e-02,4.705310612916946411e-02
0.000000000000000000e+00,0.000000000000000000e+00,0.000000000000000000e+00,0.000000000000000000e+00,0.000000000000000000e+00,0.000000000000000000e+00,0.000000000000000000e+00,0.000000000000000000e+00,0.000000000000000000e+00,0.000000000000000000e+00,0.000000000000000000e+00,0.000000000000000000e+00,0.000000000000000000e+00,0.000000000000000000e+00
-3.743857833595425717e-17,-3.743857833595425717e-17,-3.743857833595425717e-17,-3.743857833595425717e-17,1.387778780781445676e-17,1.387778780781445676e-17,1.387778780781445676e-17,1.387778780781445676e-17,1.387778780781445676e-17,1.387778780781445676e-17,-3.743857833595425717e-17,-3.743857833595425717e-17,-3.743857833595425717e-17,-3.743857833595425717e-17
6.442056596279144287e-02,6.442056596279144287e-02,6.442056596279144287e-02,6.442056596279144287e-02,6.442056596279144287e-02,6.245348230004310608e-02,4.493448138236999512e-02,2.089511044323444366e-02,-6.168046034872531891e-03,-2.123075537383556366e-02,-2.123075537383556366e-02,-2.123075537383556366e-02,-2.123075537383556366e-02,-2.123075537383556366e-02
4.798454046249389648e-02,4.798454046249389648e-02,4.798454046249389648e-02,4.798454046249389648e-02,4.798454046249389648e-02,5.375377833843231201e-02,4.561838507652282715e-02,2.405537478625774384e-02,-4.111677408218383789e-03,-1.993365399539470673e-02,-1.993365399539470673e-02,-1.993365399539470673e-02,-1.993365399539470673e-02,-1.993365399539470673e-02
2.319870702922344208e-02,2.319870702922344208e-02,2.319870702922344208e-02,2.319870702922344208e-02,2.319870702922344208e-02,2.420720644295215607e-02,2.490538172423839569e-02,1.897164806723594666e-02,4.451945889741182327e-03,-7.222147658467292786e-03,-7.222147658467292786e-03,-7.222147658467292786e-03,-7.222147658467292786e-03,-7.222147658467292786e-03
4.986733198165893555e-02,4.986733198165893555e-02,4.986733198165893555e-02,4.986733198165893555e-02,4.986733198165893555e-02,3.399071469902992249e-02,2.152572758495807648e-02,1.507517881691455841e-02,8.149000816047191620e-03,-6.044925539754331112e-04,-6.044925539754331112e-04,-6.044925539754331112e-04,-6.044925539754331112e-04,-6.044925539754331112e-04
3.794670477509498596e-02,3.794670477509498596e-02,3.794670477509498596e-02,3.794670477509498596e-02,3.794670477509498596e-02,3.597514703869819641e-02,2.832269854843616486e-02,1.721054501831531525e-02,2.719807205721735954e-03,-7.975087501108646393e-03,-7.975087501108646393e-03,-7.975087501108646393e-03,-7.975087501108646393e-03,-7.975087501108646393e-03
3.263620659708976746e-02,3.263620659708976746e-02,3.263620659708976746e-02,3.263620659708976746e-02,3.263620659708976746e-02,2.753117308020591736e-02,1.949174888432025909e-02,1.170698553323745728e-02,1.637687440961599350e-03,-8.263239637017250061e-03,-8.263239637017250061e-03,-8.263239637017250061e-03,-8.263239637017250061e-03,-8.263239637017250061e-03
3.851561248302459717e-02,3.851561248302459717e-02,3.851561248302459717e-02,3.851561248302459717e-02,3.851561248302459717e-02,2.855412662029266357e-02,1.808319799602031708e-02,1.016336772590875626e-02,-2.426755381748080254e-04,-1.045287027955055237e-02,-1.045287027955055237e-02,-1.045287027955055237e-02,-1.045287027955055237e-02,-1.045287027955055237e-02
2.398770116269588470e-02,2.398770116269588470e-02,2.398770116269588470e-02,2.398770116269588470e-02,2.398770116269588470e-02,1.441256795078516006e-02,1.117559615522623062e-02,1.070683822035789490e-02,6.743403617292642593e-03,4.312434612074866891e-05,4.312434612074866891e-05,4.312434612074866891e-05,4.312434612074866891e-05,4.312434612074866891e-05
4.083156213164329529e-02,4.083156213164329529e-02,4.083156213164329529e-02,4.083156213164329529e-02,4.083156213164329529e-02,3.091432712972164154e-02,1.888986863195896149e-02,9.675214998424053192e-03,-5.458778468891978264e-04,-9.092913940548896790e-03,-9.092913940548896790e-03,-9.092913940548896790e-03,-9.092913940548896790e-03,-9.092913940548896790e-03
3.673510625958442688e-02,3.673510625958442688e-02,3.673510625958442688e-02,3.673510625958442688e-02,3.673510625958442688e-02,3.634751215577125549e-02,2.951022237539291382e-02,1.796472817659378052e-02,2.313220174983143806e-03,-1.114172954112291336e-02,-1.114172954112291336e-02,-1.114172954112291336e-02,-1.114172954112291336e-02,-1.114172954112291336e-02
3.478224202990531921e-02,3.478224202990531921e-02,3.478224202990531921e-02,3.478224202990531921e-02,3.478224202990531921e-02,2.867759391665458679e-02,2.001106366515159607e-02,1.099664997309446335e-02,-3.068766382057219744e-04,-8.143150247633457184e-03,-8.143150247633457184e-03,-8.143150247633457184e-03,-8.143150247633457184e-03,-8.143150247633457184e-03
