0.000000000000000000e+00,0.000000000000000000e+00,0.000000000000000000e+00,0.000000000000000000e+00,0.000000000000000000e+00,0.000000000000000000e+00,0.000000000000000000e+00,0.000000000000000000e+00,0.000000000000000000e+00,0.000000000000000000e+00,0.000000000000000000e+00,0.000000000000000000e+00,0.000000000000000000e+00,0.000000000000000000e+00
1.000000000000000000e+00,1.000000000000000000e+00,1.000000000000000000e+00,1.000000000000000000e+00,1.000000000000000000e+00,1.000000000000000000e+00,1.000000000000000000e+00,1.000000000000000000e+00,1.000000000000000000e+00,1.000000000000000000e+00,1.000000000000000000e+00,1.000000000000000000e+00,1.000000000000000000e+00,1.000000000000000000e+00
9.191956520080566406e-01,8.790578246116638184e-01,7.629910707473754883e-01,6.607730388641357422e-01,4.868089854717254639e-01,3.377296328544616699e-01,3.172409832477569580e-01,4.129831194877624512e-01,5.596629977226257324e-01,7.065354585647583008e-01,7.948521971702575684e-01,8.399030566215515137e-01,8.491739034652709961e-01,8.685775399208068848e-01
9.064936041831970215e-01,8.427265286445617676e-01,7.943229675292968750e-01,7.587283253669738770e-01,6.012463569641113281e-01,4.166887104511260986e-01,3.597663342952728271e-01,3.983892500400543213e-01,5.304646492004394531e-01,7.000817656517028809e-01,7.952039837837219238e-01,8.475258946418762207e-01,8.829973936080932617e-01,8.903353214263916016e-01
9.036190509796142578e-01,8.379359245300292969e-01,7.933046817779541016e-01,8.146026134490966797e-01,7.631094455718994141e-01,6.627302765846252441e-01,6.215267181396484375e-01,6.324343681335449219e-01,6.763100624084472656e-01,7.541630864143371582e-01,8.172684907913208008e-01,8.652496933937072754e-01,8.717709779739379883e-01,8.646118640899658203e-01
8.928161859512329102e-01,8.294038772583007812e-01,6.959065794944763184e-01,5.512261390686035156e-01,4.283404648303985596e-01,3.518476784229278564e-01,3.541002273559570312e-01,3.997783958911895752e-01,4.706293344497680664e-01,5.338821411132812500e-01,6.264459490776062012e-01,7.178708910942077637e-01,7.699865102767944336e-01,8.180700540542602539e-01
8.807679414749145508e-01,8.039855957031250000e-01,7.402176260948181152e-01,6.893246769905090332e-01,5.737096071243286133e-01,4.677657186985015869e-01,4.455593824386596680e-01,4.668723344802856445e-01,5.408670306205749512e-01,6.236649751663208008e-01,7.003406882286071777e-01,7.681153416633605957e-01,8.009715676307678223e-01,8.296381235122680664e-01
8.826965093612670898e-01,7.910083532333374023e-01,7.119271159172058105e-01,6.769273281097412109e-01,6.184723377227783203e-01,5.274914503097534180e-01,5.026656389236450195e-01,5.214415192604064941e-01,5.958057045936584473e-01,6.799104809761047363e-01,7.374458909034729004e-01,8.066987395286560059e-01,8.354946374893188477e-01,8.541218042373657227e-01
8.822697997093200684e-01,7.807775139808654785e-01,6.769345402717590332e-01,6.333488225936889648e-01,6.011587977409362793e-01,5.481700897216796875e-01,5.583018660545349121e-01,5.858743190765380859e-01,6.277824640274047852e-01,6.882652044296264648e-01,7.454081773757934570e-01,7.872701287269592285e-01,8.144464492797851562e-01,8.498050570487976074e-01
8.791443109512329102e-01,7.799717783927917480e-01,6.891520619392395020e-01,6.713871359825134277e-01,6.524000167846679688e-01,5.623608231544494629e-01,5.277701020240783691e-01,5.413398146629333496e-01,6.055391430854797363e-01,6.717174053192138672e-01,7.247066497802734375e-01,7.622106075286865234e-01,7.940332889556884766e-01,8.386088609695434570e-01
8.644177913665771484e-01,7.705619335174560547e-01,6.963123083114624023e-01,6.341234445571899414e-01,5.808005332946777344e-01,5.191423892974853516e-01,5.074554681777954102e-01,5.281440615653991699e-01,5.907604098320007324e-01,6.637947559356689453e-01,7.247593402862548828e-01,7.676029801368713379e-01,8.018513917922973633e-01,8.232083320617675781e-01
8.796550035476684570e-01,7.894172072410583496e-01,7.102336883544921875e-01,6.845571994781494141e-01,6.168335080146789551e-01,5.149237513542175293e-01,4.699932634830474854e-01,4.988010823726654053e-01,5.823089480400085449e-01,6.643821001052856445e-01,7.233931422233581543e-01,7.703983187675476074e-01,7.943867444992065430e-01,8.213346004486083984e-01
8.699203729629516602e-01,7.849692106246948242e-01,7.028827667236328125e-01,6.839838624000549316e-01,6.357804536819458008e-01,5.619997978210449219e-01,5.271882414817810059e-01,5.481524467468261719e-01,6.177843213081359863e-01,6.790170073509216309e-01,7.366048693656921387e-01,7.908573150634765625e-01,8.187348842620849609e-01,8.390590548515319824e-01
0.000000000000000000e+00,0.000000000000000000e+00,0.000000000000000000e+00,0.000000000000000000e+00,-0.000000000000000000e+00,-0.000000000000000000e+00,-0.000000000000000000e+00,-0.000000000000000000e+00,-0.000000000000000000e+00,-0.000000000000000000e+00,0.000000000000000000e+00,0.000000000000000000e+00,0.000000000000000000e+00,0.000000000000000000e+00
-3.109246522005967991e-17,-3.109246522005967991e-17,-3.109246522005967991e-17,-3.109246522005967991e-17,-3.469446951953614189e-18,-3.469446951953614189e-18,-3.469446951953614189e-18,-3.469446951953614189e-18,-3.469446951953614189e-18,-3.469446951953614189e-18,-3.109246522005967991e-17,-3.109246522005967991e-17,-3.109246522005967991e-17,-3.109246522005967991e-17
-6.751497089862823486e-02,-6.751497089862823486e-02,-6.751497089862823486e-02,-6.751497089862823486e-02,-6.751497089862823486e-02,-3.275369107723236084e-02,8.094888180494308472e-03,4.367805644869804382e-02,7.007924467325210571e-02,8.013699203729629517e-02,8.013699203729629517e-02,8.013699203729629517e-02,8.013699203729629517e-02,8.013699203729629517e-02
-6.747134029865264893e-02,-6.747134029865264893e-02,-6.747134029865264893e-02,-6.747134029865264893e-02,-6.747134029865264893e-02,-3.873853757977485657e-02,-5.537974648177623749e-03,2.790912613272666931e-02,5.986806005239486694e-02,7.712154090404510498e-02,7.712154090404510498e-02,7.712154090404510498e-02,7.712154090404510498e-02,7.712154090404510498e-02
-3.368614986538887024e-02,-3.368614986538887024e-02,-3.368614986538887024e-02,-3.368614986538887024e-02,-3.368614986538887024e-02,-1.986657455563545227e-02,-4.822633694857358932e-03,1.004524063318967819e-02,2.592361159622669220e-02,3.608080372214317322e-02,3.608080372214317322e-02,3.608080372214317322e-02,3.608080372214317322e-02,3.608080372214317322e-02
-6.434358656406402588e-02,-6.434358656406402588e-02,-6.434358656406402588e-02,-6.434358656406402588e-02,-6.434358656406402588e-02,-3.725090622901916504e-02,-3.289434360340237617e-03,2.902489155530929565e-02,5.239081755280494690e-02,6.507582962512969971e-02,6.507582962512969971e-02,6.507582962512969971e-02,6.507582962512969971e-02,6.507582962512969971e-02
-5.303031578660011292e-02,-5.303031578660011292e-02,-5.303031578660011292e-02,-5.303031578660011292e-02,-5.303031578660011292e-02,-3.153982013463973999e-02,-7.051089778542518616e-03,1.836936734616756439e-02,4.127420112490653992e-02,5.459476262331008911e-02,5.459476262331008911e-02,5.459476262331008911e-02,5.459476262331008911e-02,5.459476262331008911e-02
-4.207037761807441711e-02,-4.207037761807441711e-02,-4.207037761807441711e-02,-4.207037761807441711e-02,-4.207037761807441711e-02,-2.032556757330894470e-02,9.940227027982473373e-04,2.123307436704635620e-02,3.889567404985427856e-02,5.028605088591575623e-02,5.028605088591575623e-02,5.028605088591575623e-02,5.028605088591575623e-02,5.028605088591575623e-02
-3.208504989743232727e-02,-3.208504989743232727e-02,-3.208504989743232727e-02,-3.208504989743232727e-02,-3.208504989743232727e-02,-1.092185638844966888e-02,8.826587349176406860e-03,2.330173738300800323e-02,3.411757200956344604e-02,4.158984869718551636e-02,4.158984869718551636e-02,4.158984869718551636e-02,4.158984869718551636e-02,4.158984869718551636e-02
-3.736844658851623535e-02,-3.736844658851623535e-02,-3.736844658851623535e-02,-3.736844658851623535e-02,-3.736844658851623535e-02,-1.780967973172664642e-02,4.744400503113865852e-04,1.461159996688365936e-02,2.817221917212009430e-02,4.107818007469177246e-02,4.107818007469177246e-02,4.107818007469177246e-02,4.107818007469177246e-02,4.107818007469177246e-02
-3.857629746198654175e-02,-3.857629746198654175e-02,-3.857629746198654175e-02,-3.857629746198654175e-02,-3.857629746198654175e-02,-1.715047098696231842e-02,3.862058045342564583e-03,2.230673655867576599e-02,3.666406124830245972e-02,4.520613700151443481e-02,4.520613700151443481e-02,4.520613700151443481e-02,4.520613700151443481e-02,4.520613700151443481e-02
-4.518911615014076233e-02,-4.518911615014076233e-02,-4.518911615014076233e-02,-4.518911615014076233e-02,-4.518911615014076233e-02,-2.337111905217170715e-02,-1.550987828522920609e-03,1.790459640324115753e-02,3.581695631146430969e-02,4.805170744657516479e-02,4.805170744657516479e-02,4.805170744657516479e-02,4.805170744657516479e-02,4.805170744657516479e-02
-3.653946146368980408e-02,-3.653946146368980408e-02,-3.653946146368980408e-02,-3.653946146368980408e-02,-3.653946146368980408e-02,-1.765598729252815247e-02,1.169137191027402878e-03,1.757662557065486908e-02,3.280146792531013489e-02,4.311845451593399048e-02,4.311845451593399048e-02,4.311845451593399048e-02,4.311845451593399048e-02,4.311845451593399048e-02
0.000000000000000000e+00,0.000000000000000000e+00,0.000000000000000000e+00,0.000000000000000000e+00,0.000000000000000000e+00,0.000000000000000000e+00,0.000000000000000000e+00,0.000000000000000000e+00,0.000000000000000000e+00,0.000000000000000000e+00,0.000000000000000000e+00,0.000000000000000000e+00,0.000000000000000000e+00,0.000000000000000000e+00
-3.743857833595425717e-17,-3.743857833595425717e-17,-3.743857833595425717e-17,-3.743857833595425717e-17,1.387778780781445676e-17,1.387778780781445676e-17,1.387778780781445676e-17,1.387778780781445676e-17,1.387778780781445676e-17,1.387778780781445676e-17,-3.743857833595425717e-17,-3.743857833595425717e-17,-3.743857833595425717e-17,-3.743857833595425717e-17
3.268343582749366760e-02,3.268343582749366760e-02,3.268343582749366760e-02,3.268343582749366760e-02,3.268343582749366760e-02,5.333701148629188538e-02,5.565380677580833435e-02,4.214157536625862122e-02,1.413231249898672104e-02,-1.133993919938802719e-02,-1.133993919938802719e-02,-1.133993919938802719e-02,-1.133993919938802719e-02,-1.133993919938802719e-02
1.662967540323734283e-02,1.662967540323734283e-02,1.662967540323734283e-02,1.662967540323734283e-02,1.662967540323734283e-02,4.013899341225624084e-02,5.327507480978965759e-02,4.916535690426826477e-02,2.572568133473396301e-02,-2.617541700601577759e-03,-2.617541700601577759e-03,-2.617541700601577759e-03,-2.617541700601577759e-03,-2.617541700601577759e-03
6.136597134172916412e-03,6.136597134172916412e-03,6.136597134172916412e-03,6.136597134172916412e-03,6.136597134172916412e-03,1.406138390302658081e-02,2.189116738736629486e-02,2.608539164066314697e-02,1.702119410037994385e-02,1.651718979701399803e-03,1.651718979701399803e-03,1.651718979701399803e-03,1.651718979701399803e-03,1.651718979701399803e-03
3.130223229527473450e-02,3.130223229527473450e-02,3.130223229527473450e-02,3.130223229527473450e-02,3.130223229527473450e-02,3.980796039104461670e-02,3.803078457713127136e-02,2.990565448999404907e-02,1.712554134428501129e-02,5.102135706692934036e-03,5.102135706692934036e-03,5.102135706692934036e-03,5.102135706692934036e-03,5.102135706692934036e-03
1.746935024857521057e-02,1.746935024857521057e-02,1.746935024857521057e-02,1.746935024857521057e-02,1.746935024857521057e-02,2.815875597298145294e-02,3.422059118747711182e-02,3.222625702619552612e-02,1.865490153431892395e-02,3.461671294644474983e-03,3.461671294644474983e-03,3.461671294644474983e-03,3.461671294644474983e-03,3.461671294644474983e-03
1.736775599420070648e-02,1.736775599420070648e-02,1.736775599420070648e-02,1.736775599420070648e-02,1.736775599420070648e-02,2.412063069641590118e-02,2.701495960354804993e-02,2.656038664281368256e-02,1.686237379908561707e-02,2.518797060474753380e-03,2.518797060474753380e-03,2.518797060474753380e-03,2.518797060474753380e-03,2.518797060474753380e-03
2.133579552173614502e-02,2.133579552173614502e-02,2.133579552173614502e-02,2.133579552173614502e-02,2.133579552173614502e-02,2.129479870200157166e-02,1.904885657131671906e-02,1.608419232070446014e-02,9.392482228577136993e-03,1.423899899236857891e-03,1.423899899236857891e-03,1.423899899236857891e-03,1.423899899236857891e-03,1.423899899236857891e-03
1.528836600482463837e-02,1.528836600482463837e-02,1.528836600482463837e-02,1.528836600482463837e-02,1.528836600482463837e-02,1.882729679346084595e-02,2.079642750322818756e-02,2.124416455626487732e-02,1.519385911524295807e-02,4.335162229835987091e-03,4.335162229835987091e-03,4.335162229835987091e-03,4.335162229835987091e-03,4.335162229835987091e-03
1.944644935429096222e-02,1.944644935429096222e-02,1.944644935429096222e-02,1.944644935429096222e-02,1.944644935429096222e-02,2.378821745514869690e-02,2.499992772936820984e-02,2.097664587199687958e-02,1.252291072160005569e-02,1.613119035027921200e-03,1.613119035027921200e-03,1.613119035027921200e-03,1.613119035027921200e-03,1.613119035027921200e-03
1.684601046144962311e-02,1.684601046144962311e-02,1.684601046144962311e-02,1.684601046144962311e-02,1.684601046144962311e-02,2.491944283246994019e-02,2.891298569738864899e-02,2.775050885975360870e-02,1.632908545434474945e-02,1.358703826554119587e-03,1.358703826554119587e-03,1.358703826554119587e-03,1.358703826554119587e-03,1.358703826554119587e-03
1.569195650517940521e-02,1.569195650517940521e-02,1.569195650517940521e-02,1.569195650517940521e-02,1.569195650517940521e-02,2.027863450348377228e-02,2.251469343900680542e-02,2.282799407839775085e-02,1.486692018806934357e-02,2.887608716264367104e-03,2.887608716264367104e-03,2.887608716264367104e-03,2.887608716264367104e-03,2.887608716264367104e-03
