0.000000000000000000e+00,0.000000000000000000e+00,0.000000000000000000e+00,0.000000000000000000e+00,0.000000000000000000e+00,0.000000000000000000e+00,0.000000000000000000e+00,0.000000000000000000e+00,0.000000000000000000e+00,0.000000000000000000e+00,0.000000000000000000e+00,0.000000000000000000e+00,0.000000000000000000e+00,0.000000000000000000e+00
1.000000000000000000e+00,1.000000000000000000e+00,1.000000000000000000e+00,1.000000000000000000e+00,1.000000000000000000e+00,1.000000000000000000e+00,1.000000000000000000e+00,1.000000000000000000e+00,1.000000000000000000e+00,1.000000000000000000e+00,1.000000000000000000e+00,1.000000000000000000e+00,1.000000000000000000e+00,1.000000000000000000e+00
8.979803323745727539e-01,8.909439444541931152e-01,8.533909320831298828e-01,7.396588921546936035e-01,5.690736770629882812e-01,4.981379210948944092e-01,5.033861994743347168e-01,5.482771992683410645e-01,6.330338716506958008e-01,7.051778435707092285e-01,7.765685319900512695e-01,8.567517399787902832e-01,8.947710394859313965e-01,8.783183097839355469e-01
8.845294713973999023e-01,8.415405154228210449e-01,8.331345319747924805e-01,7.724130153656005859e-01,5.596625804901123047e-01,4.689739048480987549e-01,5.299916267395019531e-01,6.157716512680053711e-01,6.874257326126098633e-01,7.154525518417358398e-01,7.735964655876159668e-01,8.590685725212097168e-01,8.902732133865356445e-01,8.707278966903686523e-01
8.700531125068664551e-01,8.308994174003601074e-01,8.279500007629394531e-01,8.235239982604980469e-01,6.954115033149719238e-01,6.333330273628234863e-01,6.332725882530212402e-01,6.866074204444885254e-01,7.461405992507934570e-01,7.518249154090881348e-01,7.995072007179260254e-01,8.624204993247985840e-01,8.760246038436889648e-01,8.621460199356079102e-01
8.580218553543090820e-01,8.028502464294433594e-01,6.950707435607910156e-01,5.457001924514770508e-01,4.188006222248077393e-01,4.358987212181091309e-01,5.322020649909973145e-01,5.769490599632263184e-01,5.735559463500976562e-01,5.631664991378784180e-01,6.184124350547790527e-01,7.577124238014221191e-01,8.412098884582519531e-01,8.502784371376037598e-01
8.613755106925964355e-01,7.973788380622863770e-01,7.746044993400573730e-01,6.912213563919067383e-01,5.260325670242309570e-01,4.625380039215087891e-01,5.254722237586975098e-01,6.009887456893920898e-01,6.347136497497558594e-01,6.316400170326232910e-01,6.859662532806396484e-01,7.916887402534484863e-01,8.491773009300231934e-01,8.482944369316101074e-01
8.503651618957519531e-01,7.630042433738708496e-01,7.311176657676696777e-01,7.054835557937622070e-01,6.176779270172119141e-01,5.853087306022644043e-01,6.360725164413452148e-01,6.916826963424682617e-01,7.198672890663146973e-01,7.230277061462402344e-01,7.661468982696533203e-01,8.360515236854553223e-01,8.665654659271240234e-01,8.455653190612792969e-01
8.432947993278503418e-01,7.555823326110839844e-01,7.138713598251342773e-01,6.857535839080810547e-01,5.953017473220825195e-01,5.846490859985351562e-01,6.546519398689270020e-01,7.020560503005981445e-01,7.105764746665954590e-01,6.988014578819274902e-01,7.353649735450744629e-01,8.258715271949768066e-01,8.691758513450622559e-01,8.417006134986877441e-01
8.383479714393615723e-01,7.436947226524353027e-01,7.049197554588317871e-01,6.979446411132812500e-01,6.141127347946166992e-01,5.780500769615173340e-01,6.216102242469787598e-01,6.695478558540344238e-01,7.049083709716796875e-01,6.974011659622192383e-01,7.255011796951293945e-01,8.101610541343688965e-01,8.588965535163879395e-01,8.352514505386352539e-01
8.357031345367431641e-01,7.440720200538635254e-01,6.904881000518798828e-01,6.471252441406250000e-01,5.625454783439636230e-01,5.512158870697021484e-01,6.049034595489501953e-01,6.653873324394226074e-01,7.007520794868469238e-01,6.913195252418518066e-01,7.219307422637939453e-01,8.089220523834228516e-01,8.525520563125610352e-01,8.325452208518981934e-01
8.384712934494018555e-01,7.758797407150268555e-01,7.625226378440856934e-01,7.163539528846740723e-01,5.786219835281372070e-01,5.253097414970397949e-01,5.379047989845275879e-01,5.915330648422241211e-01,6.509763002395629883e-01,6.633346676826477051e-01,7.186960577964782715e-01,8.014386296272277832e-01,8.557158708572387695e-01,8.383789062500000000e-01
8.292355537414550781e-01,7.503845095634460449e-01,7.124131321907043457e-01,7.092804312705993652e-01,6.119554638862609863e-01,5.527511835098266602e-01,5.851621031761169434e-01,6.552643179893493652e-01,7.103899717330932617e-01,7.155815958976745605e-01,7.396144270896911621e-01,8.100237846374511719e-01,8.514692187309265137e-01,8.356488943099975586e-01
0.000000000000000000e+00,0.000000000000000000e+00,0.000000000000000000e+00,0.000000000000000000e+00,-0.000000000000000000e+00,-0.000000000000000000e+00,-0.000000000000000000e+00,-0.000000000000000000e+00,-0.000000000000000000e+00,-0.000000000000000000e+00,0.000000000000000000e+00,0.000000000000000000e+00,0.000000000000000000e+00,0.000000000000000000e+00
-3.109246522005967991e-17,-3.109246522005967991e-17,-3.109246522005967991e-17,-3.109246522005967991e-17,-3.469446951953614189e-18,-3.469446951953614189e-18,-3.469446951953614189e-18,-3.469446951953614189e-18,-3.469446951953614189e-18,-3.469446951953614189e-18,-3.109246522005967991e-17,-3.109246522005967991e-17,-3.109246522005967991e-17,-3.109246522005967991e-17
-5.048860982060432434e-02,-5.048860982060432434e-02,-5.048860982060432434e-02,-5.048860982060432434e-02,-5.048860982060432434e-02,-3.087644092738628387e-02,-3.877884708344936371e-03,2.724305726587772369e-02,5.136493593454360962e-02,5.758932977914810181e-02,5.758932977914810181e-02,5.758932977914810181e-02,5.758932977914810181e-02,5.758932977914810181e-02
-3.959077596664428711e-02,-3.959077596664428711e-02,-3.959077596664428711e-02,-3.959077596664428711e-02,-3.959077596664428711e-02,-2.140719816088676453e-02,-1.118267609854228795e-04,2.731358818709850311e-02,5.132695287466049194e-02,5.434375628829002380e-02,5.434375628829002380e-02,5.434375628829002380e-02,5.434375628829002380e-02,5.434375628829002380e-02
-2.513452991843223572e-02,-2.513452991843223572e-02,-2.513452991843223572e-02,-2.513452991843223572e-02,-2.513452991843223572e-02,-1.496163848787546158e-02,-2.902264473959803581e-03,1.362874824553728104e-02,3.012335859239101410e-02,3.414167836308479309e-02,3.414167836308479309e-02,3.414167836308479309e-02,3.414167836308479309e-02,3.414167836308479309e-02
-3.751843422651290894e-02,-3.751843422651290894e-02,-3.751843422651290894e-02,-3.751843422651290894e-02,-3.751843422651290894e-02,-1.912300288677215576e-02,3.272111294791102409e-03,2.904623001813888550e-02,4.689527302980422974e-02,4.984875768423080444e-02,4.984875768423080444e-02,4.984875768423080444e-02,4.984875768423080444e-02,4.984875768423080444e-02
-3.704609349370002747e-02,-3.704609349370002747e-02,-3.704609349370002747e-02,-3.704609349370002747e-02,-3.704609349370002747e-02,-2.106088958680629730e-02,-2.958068158477544785e-03,2.215193398296833038e-02,4.386117309331893921e-02,4.911322519183158875e-02,4.911322519183158875e-02,4.911322519183158875e-02,4.911322519183158875e-02,4.911322519183158875e-02
-1.743702031672000885e-02,-1.743702031672000885e-02,-1.743702031672000885e-02,-1.743702031672000885e-02,-1.743702031672000885e-02,-3.381073474884033203e-03,8.391701616346836090e-03,2.211519144475460052e-02,3.398787230253219604e-02,3.445870801806449890e-02,3.445870801806449890e-02,3.445870801806449890e-02,3.445870801806449890e-02,3.445870801806449890e-02
-1.518325787037611008e-02,-1.518325787037611008e-02,-1.518325787037611008e-02,-1.518325787037611008e-02,-1.518325787037611008e-02,-2.417550422251224518e-03,7.884575054049491882e-03,2.108151279389858246e-02,3.295558691024780273e-02,3.240328654646873474e-02,3.240328654646873474e-02,3.240328654646873474e-02,3.240328654646873474e-02,3.240328654646873474e-02
-1.737854443490505219e-02,-1.737854443490505219e-02,-1.737854443490505219e-02,-1.737854443490505219e-02,-1.737854443490505219e-02,-3.908407874405384064e-03,5.896405316889286041e-03,1.841718889772891998e-02,3.185172379016876221e-02,3.404139354825019836e-02,3.404139354825019836e-02,3.404139354825019836e-02,3.404139354825019836e-02,3.404139354825019836e-02
-1.738228276371955872e-02,-1.738228276371955872e-02,-1.738228276371955872e-02,-1.738228276371955872e-02,-1.738228276371955872e-02,-1.688931370154023170e-03,1.081563439220190048e-02,2.502331510186195374e-02,3.655219450592994690e-02,3.627518564462661743e-02,3.627518564462661743e-02,3.627518564462661743e-02,3.627518564462661743e-02,3.627518564462661743e-02
-3.238833323121070862e-02,-3.238833323121070862e-02,-3.238833323121070862e-02,-3.238833323121070862e-02,-3.238833323121070862e-02,-1.791963726282119751e-02,-2.057203557342290878e-03,1.916137151420116425e-02,3.950243815779685974e-02,4.488734528422355652e-02,4.488734528422355652e-02,4.488734528422355652e-02,4.488734528422355652e-02,4.488734528422355652e-02
-1.952956989407539368e-02,-1.952956989407539368e-02,-1.952956989407539368e-02,-1.952956989407539368e-02,-1.952956989407539368e-02,-4.668445326387882233e-03,7.118180394172668457e-03,2.061398327350616455e-02,3.498491272330284119e-02,3.782092779874801636e-02,3.782092779874801636e-02,3.782092779874801636e-02,3.782092779874801636e-02,3.782092779874801636e-02
0.000000000000000000e+00,0.000000000000000000e+00,0.000000000000000000e+00,0.000000000000000000e+00,0.000000000000000000e+00,0.000000000000000000e+00,0.000000000000000000e+00,0.000000000000000000e+00,0.000000000000000000e+00,0.000000000000000000e+00,0.000000000000000000e+00,0.000000000000000000e+00,0.000000000000000000e+00,0.000000000000000000e+00
-3.743857833595425717e-17,-3.743857833595425717e-17,-3.743857833595425717e-17,-3.743857833595425717e-17,1.387778780781445676e-17,1.387778780781445676e-17,1.387778780781445676e-17,1.387778780781445676e-17,1.387778780781445676e-17,1.387778780781445676e-17,-3.743857833595425717e-17,-3.743857833595425717e-17,-3.743857833595425717e-17,-3.743857833595425717e-17
2.091928385198116302e-02,2.091928385198116302e-02,2.091928385198116302e-02,2.091928385198116302e-02,2.091928385198116302e-02,3.592709824442863464e-02,3.956510871648788452e-02,3.075277432799339294e-02,1.355590578168630600e-02,-2.119381213560700417e-03,-2.119381213560700417e-03,-2.119381213560700417e-03,-2.119381213560700417e-03,-2.119381213560700417e-03
2.384002692997455597e-02,2.384002692997455597e-02,2.384002692997455597e-02,2.384002692997455597e-02,2.384002692997455597e-02,3.296677768230438232e-02,3.546820953488349915e-02,2.711549401283264160e-02,6.680668331682682037e-03,-7.557675242424011230e-03,-7.557675242424011230e-03,-7.557675242424011230e-03,-7.557675242424011230e-03,-7.557675242424011230e-03
1.192941889166831970e-02,1.192941889166831970e-02,1.192941889166831970e-02,1.192941889166831970e-02,1.192941889166831970e-02,1.731509529054164886e-02,2.155711688101291656e-02,2.036242559552192688e-02,7.861657068133354187e-03,-2.740780590102076530e-03,-2.740780590102076530e-03,-2.740780590102076530e-03,-2.740780590102076530e-03,-2.740780590102076530e-03
3.216752782464027405e-02,3.216752782464027405e-02,3.216752782464027405e-02,3.216752782464027405e-02,3.216752782464027405e-02,2.870701625943183899e-02,1.891404762864112854e-02,1.174600794911384583e-02,7.743664085865020752e-03,7.408570963889360428e-03,7.408570963889360428e-03,7.408570963889360428e-03,7.408570963889360428e-03,7.408570963889360428e-03
2.412098646163940430e-02,2.412098646163940430e-02,2.412098646163940430e-02,2.412098646163940430e-02,2.412098646163940430e-02,2.686955034732818604e-02,2.658147551119327545e-02,2.058250084519386292e-02,8.538947440683841705e-03,2.166156627936288714e-04,2.166156627936288714e-04,2.166156627936288714e-04,2.166156627936288714e-04,2.166156627936288714e-04
1.929603517055511475e-02,1.929603517055511475e-02,1.929603517055511475e-02,1.929603517055511475e-02,1.929603517055511475e-02,1.638209261000156403e-02,1.470199227333068848e-02,1.190137211233377457e-02,3.989521414041519165e-03,-2.947467146441340446e-03,-2.947467146441340446e-03,-2.947467146441340446e-03,-2.947467146441340446e-03,-2.947467146441340446e-03
2.004501596093177795e-02,2.004501596093177795e-02,2.004501596093177795e-02,2.004501596093177795e-02,2.004501596093177795e-02,1.439222879707813263e-02,1.051179785281419754e-02,8.923294022679328918e-03,3.750594332814216614e-03,-3.806672466453164816e-04,-3.806672466453164816e-04,-3.806672466453164816e-04,-3.806672466453164816e-04,-3.806672466453164816e-04
1.843608357012271881e-02,1.843608357012271881e-02,1.843608357012271881e-02,1.843608357012271881e-02,1.843608357012271881e-02,1.452651526778936386e-02,1.217677164822816849e-02,1.181574352085590363e-02,6.165683735162019730e-03,-3.607505350373685360e-04,-3.607505350373685360e-04,-3.607505350373685360e-04,-3.607505350373685360e-04,-3.607505350373685360e-04
2.359549887478351593e-02,2.359549887478351593e-02,2.359549887478351593e-02,2.359549887478351593e-02,2.359549887478351593e-02,1.852509565651416779e-02,1.305224373936653137e-02,9.343038313090801239e-03,3.138451837003231049e-03,-1.859250944107770920e-03,-1.859250944107770920e-03,-1.859250944107770920e-03,-1.859250944107770920e-03,-1.859250944107770920e-03
1.773220859467983246e-02,1.773220859467983246e-02,1.773220859467983246e-02,1.773220859467983246e-02,1.773220859467983246e-02,2.216937206685543060e-02,2.500158920884132385e-02,2.170697785913944244e-02,1.091691385954618454e-02,5.275537259876728058e-04,5.275537259876728058e-04,5.275537259876728058e-04,5.275537259876728058e-04,5.275537259876728058e-04
1.920954138040542603e-02,1.920954138040542603e-02,1.920954138040542603e-02,1.920954138040542603e-02,1.920954138040542603e-02,1.879717037081718445e-02,1.691025309264659882e-02,1.455665286630392075e-02,5.205462686717510223e-03,-3.793052164837718010e-03,-3.793052164837718010e-03,-3.793052164837718010e-03,-3.793052164837718010e-03,-3.793052164837718010e-03
