0.000000000000000000e+00,0.000000000000000000e+00,0.000000000000000000e+00,0.000000000000000000e+00,0.000000000000000000e+00,0.000000000000000000e+00,0.000000000000000000e+00,0.000000000000000000e+00,0.000000000000000000e+00,0.000000000000000000e+00,0.000000000000000000e+00,0.000000000000000000e+00,0.000000000000000000e+00,0.000000000000000000e+00,0.000000000000000000e+00,0.000000000000000000e+00,0.000000000000000000e+00,0.000000000000000000e+00,0.000000000000000000e+00
1.000000000000000000e+00,9.577784538269042969e-01,9.097100496292114258e-01,8.645620346069335938e-01,9.611569046974182129e-01,1.000000000000000000e+00,1.000000000000000000e+00,1.000000000000000000e+00,1.000000000000000000e+00,1.000000000000000000e+00,1.000000000000000000e+00,1.000000000000000000e+00,1.000000000000000000e+00,1.000000000000000000e+00,1.000000000000000000e+00,1.000000000000000000e+00,1.000000000000000000e+00,1.000000000000000000e+00,1.000000000000000000e+00
9.866386651992797852e-01,9.797878265380859375e-01,9.696087837219238281e-01,9.590616822242736816e-01,1.000000000000000000e+00,7.352839112281799316e-01,3.897252082824707031e-01,2.819613218307495117e-01,2.908942997455596924e-01,2.174941599369049072e-01,1.727077215909957886e-01,1.780680269002914429e-01,2.678453028202056885e-01,4.389152824878692627e-01,6.441442966461181641e-01,7.589120268821716309e-01,8.118293881416320801e-01,8.581235408782958984e-01,8.829556107521057129e-01
9.343486428260803223e-01,9.052345752716064453e-01,9.080473780632019043e-01,9.168322086334228516e-01,9.294019341468811035e-01,5.548536181449890137e-01,2.058091461658477783e-01,1.299198716878890991e-01,2.603028118610382080e-01,2.886803746223449707e-01,3.213543593883514404e-01,3.733525574207305908e-01,4.902135133743286133e-01,6.396020650863647461e-01,7.277117371559143066e-01,8.027260899543762207e-01,8.800580501556396484e-01,9.203775525093078613e-01,9.394477009773254395e-01
9.897658228874206543e-01,1.000000000000000000e+00,1.000000000000000000e+00,1.000000000000000000e+00,9.959130883216857910e-01,6.317828893661499023e-01,3.924455642700195312e-01,3.568862080574035645e-01,5.001455545425415039e-01,4.967913925647735596e-01,4.768168926239013672e-01,4.525175392627716064e-01,5.153304934501647949e-01,6.805581450462341309e-01,8.084905743598937988e-01,8.605413436889648438e-01,9.050213098526000977e-01,9.204210042953491211e-01,9.008774161338806152e-01
9.368212819099426270e-01,9.144448637962341309e-01,9.145237207412719727e-01,9.334108233451843262e-01,9.124524593353271484e-01,5.803360342979431152e-01,4.024614095687866211e-01,4.002024829387664795e-01,5.764322876930236816e-01,5.831887125968933105e-01,5.529963374137878418e-01,4.997450709342956543e-01,4.875864088535308838e-01,5.438209176063537598e-01,6.070837974548339844e-01,6.637470722198486328e-01,7.546431422233581543e-01,8.158718347549438477e-01,8.219600319862365723e-01
9.360679984092712402e-01,9.507951140403747559e-01,9.586712121963500977e-01,9.477069377899169922e-01,9.371505975723266602e-01,6.070901751518249512e-01,3.276515603065490723e-01,2.843959331512451172e-01,4.556435942649841309e-01,4.772452414035797119e-01,4.676269590854644775e-01,4.474413394927978516e-01,4.827440381050109863e-01,5.705168843269348145e-01,6.427845358848571777e-01,6.993316411972045898e-01,7.697451114654541016e-01,8.411511182785034180e-01,8.545745611190795898e-01
9.157958030700683594e-01,9.055704474449157715e-01,9.166640639305114746e-01,9.310287833213806152e-01,9.151351451873779297e-01,5.917827486991882324e-01,3.699419498443603516e-01,3.951774835586547852e-01,5.734128355979919434e-01,5.651333928108215332e-01,5.454991459846496582e-01,5.116442441940307617e-01,5.419803857803344727e-01,6.804988384246826172e-01,7.859723567962646484e-01,8.153066039085388184e-01,8.507096767425537109e-01,8.810581564903259277e-01,8.516800999641418457e-01
9.328237771987915039e-01,9.215594530105590820e-01,9.186717867851257324e-01,9.405359625816345215e-01,9.196394085884094238e-01,6.024034023284912109e-01,3.889369368553161621e-01,3.605576455593109131e-01,5.062438845634460449e-01,5.108059048652648926e-01,4.955703020095825195e-01,4.698707163333892822e-01,5.345484614372253418e-01,6.791207194328308105e-01,7.544119358062744141e-01,7.881198525428771973e-01,8.181653022766113281e-01,8.375636339187622070e-01,8.232109546661376953e-01
9.308299422264099121e-01,9.162105321884155273e-01,9.066349864006042480e-01,9.173123240470886230e-01,8.969988822937011719e-01,5.921326875686645508e-01,3.869444131851196289e-01,4.053608179092407227e-01,5.519729256629943848e-01,5.534808635711669922e-01,5.797361135482788086e-01,5.815454721450805664e-01,6.116204261779785156e-01,6.818858981132507324e-01,7.392144799232482910e-01,7.653490900993347168e-01,7.927467226982116699e-01,8.244466185569763184e-01,8.442717790603637695e-01
9.246175885200500488e-01,9.191905856132507324e-01,9.146159291267395020e-01,9.234239459037780762e-01,8.934848904609680176e-01,5.880014896392822266e-01,3.417386412620544434e-01,3.489156961441040039e-01,5.157398581504821777e-01,5.295548439025878906e-01,5.009782314300537109e-01,4.734748601913452148e-01,5.227780938148498535e-01,6.321063637733459473e-01,7.264961004257202148e-01,7.773322463035583496e-01,8.221392035484313965e-01,8.421327471733093262e-01,8.355554938316345215e-01
9.314889311790466309e-01,9.067818522453308105e-01,9.065244793891906738e-01,9.190560579299926758e-01,8.859751820564270020e-01,5.911036729812622070e-01,3.799473941326141357e-01,3.464979529380798340e-01,4.712338745594024658e-01,4.449509084224700928e-01,4.332309961318969727e-01,4.211667776107788086e-01,4.738660752773284912e-01,5.961784124374389648e-01,7.109103798866271973e-01,7.844508290290832520e-01,8.391273617744445801e-01,8.605544567108154297e-01,8.431008458137512207e-01
8.957188129425048828e-01,8.929162621498107910e-01,8.994165658950805664e-01,9.099273681640625000e-01,8.711115717887878418e-01,5.399456024169921875e-01,3.623272478580474854e-01,3.853685855865478516e-01,5.099163055419921875e-01,4.987182915210723877e-01,4.964253008365631104e-01,4.714665710926055908e-01,5.097739696502685547e-01,6.392146348953247070e-01,7.272964119911193848e-01,7.539764642715454102e-01,7.978477478027343750e-01,8.222365379333496094e-01,8.217555880546569824e-01
0.000000000000000000e+00,0.000000000000000000e+00,0.000000000000000000e+00,0.000000000000000000e+00,-0.000000000000000000e+00,-0.000000000000000000e+00,-0.000000000000000000e+00,-0.000000000000000000e+00,-0.000000000000000000e+00,-0.000000000000000000e+00,-0.000000000000000000e+00,-0.000000000000000000e+00,-0.000000000000000000e+00,-0.000000000000000000e+00,-0.000000000000000000e+00,0.000000000000000000e+00,0.000000000000000000e+00,0.000000000000000000e+00,0.000000000000000000e+00
7.378041744232177734e-03,7.378041744232177734e-03,7.378041744232177734e-03,7.378041744232177734e-03,7.378041744232177734e-03,1.249125134199857712e-02,1.408599782735109329e-02,1.097135245800018311e-02,2.589539624750614166e-03,-3.469446951953614189e-18,-3.469446951953614189e-18,-3.469446951953614189e-18,-3.469446951953614189e-18,-3.469446951953614189e-18,-3.469446951953614189e-18,-3.109246522005967991e-17,-3.109246522005967991e-17,-3.109246522005967991e-17,-3.109246522005967991e-17
-1.043333634734153748e-01,-1.043333634734153748e-01,-1.043333634734153748e-01,-1.043333634734153748e-01,-1.043333634734153748e-01,-1.174965575337409973e-01,-1.213973462581634521e-01,-1.123377010226249695e-01,-8.497947454452514648e-02,-3.128479048609733582e-02,2.338356897234916687e-02,5.842554569244384766e-02,8.186190575361251831e-02,1.002978235483169556e-01,1.048187166452407837e-01,1.048187166452407837e-01,1.048187166452407837e-01,1.048187166452407837e-01,1.048187166452407837e-01
-1.131430417299270630e-01,-1.131430417299270630e-01,-1.131430417299270630e-01,-1.131430417299270630e-01,-1.131430417299270630e-01,-1.117811352014541626e-01,-9.990599006414413452e-02,-7.459856569766998291e-02,-3.185676410794258118e-02,2.900206297636032104e-02,6.935250759124755859e-02,8.273590356111526489e-02,8.500204235315322876e-02,8.831908553838729858e-02,8.427102118730545044e-02,8.427102118730545044e-02,8.427102118730545044e-02,8.427102118730545044e-02,8.427102118730545044e-02
-9.118580818176269531e-02,-9.118580818176269531e-02,-9.118580818176269531e-02,-9.118580818176269531e-02,-9.118580818176269531e-02,-9.003487974405288696e-02,-8.114650100469589233e-02,-6.515835970640182495e-02,-3.585797548294067383e-02,1.219482999294996262e-02,4.368819668889045715e-02,5.576171353459358215e-02,6.003567948937416077e-02,6.813898682594299316e-02,6.765528768301010132e-02,6.765528768301010132e-02,6.765528768301010132e-02,6.765528768301010132e-02,6.765528768301010132e-02
-7.269137352705001831e-02,-7.269137352705001831e-02,-7.269137352705001831e-02,-7.269137352705001831e-02,-7.269137352705001831e-02,-6.526177376508712769e-02,-5.581583082675933838e-02,-4.388925060629844666e-02,-2.428635023534297943e-02,4.749395884573459625e-03,1.647015847265720367e-02,1.669978909194469452e-02,1.844615489244461060e-02,3.305290639400482178e-02,4.463791102170944214e-02,4.463791102170944214e-02,4.463791102170944214e-02,4.463791102170944214e-02,4.463791102170944214e-02
-9.205918759107589722e-02,-9.205918759107589722e-02,-9.205918759107589722e-02,-9.205918759107589722e-02,-9.205918759107589722e-02,-8.899005502462387085e-02,-7.768783718347549438e-02,-5.902218446135520935e-02,-3.039621002972126007e-02,1.095097418874502182e-02,3.572152927517890930e-02,4.038043320178985596e-02,3.993426635861396790e-02,5.042998492717742920e-02,5.719561129808425903e-02,5.719561129808425903e-02,5.719561129808425903e-02,5.719561129808425903e-02,5.719561129808425903e-02
-7.222335040569305420e-02,-7.222335040569305420e-02,-7.222335040569305420e-02,-7.222335040569305420e-02,-7.222335040569305420e-02,-6.680662930011749268e-02,-5.770659446716308594e-02,-4.393789917230606079e-02,-2.019940502941608429e-02,1.793332584202289581e-02,4.006219282746315002e-02,4.242345318198204041e-02,4.182513430714607239e-02,5.051079019904136658e-02,5.142053216695785522e-02,5.142053216695785522e-02,5.142053216695785522e-02,5.142053216695785522e-02,5.142053216695785522e-02
-7.978212088346481323e-02,-7.978212088346481323e-02,-7.978212088346481323e-02,-7.978212088346481323e-02,-7.978212088346481323e-02,-7.618261873722076416e-02,-6.750388443470001221e-02,-5.367927253246307373e-02,-2.624078094959259033e-02,1.586093939840793610e-02,4.055438563227653503e-02,4.717268049716949463e-02,4.677601158618927002e-02,5.218629539012908936e-02,5.149790272116661072e-02,5.149790272116661072e-02,5.149790272116661072e-02,5.149790272116661072e-02,5.149790272116661072e-02
-7.354229688644409180e-02,-7.354229688644409180e-02,-7.354229688644409180e-02,-7.354229688644409180e-02,-7.354229688644409180e-02,-6.748104095458984375e-02,-5.459856241941452026e-02,-3.678551316261291504e-02,-1.065953355282545090e-02,2.355288900434970856e-02,3.976691886782646179e-02,3.817286714911460876e-02,3.363328427076339722e-02,3.696826845407485962e-02,3.720936551690101624e-02,3.720936551690101624e-02,3.720936551690101624e-02,3.720936551690101624e-02,3.720936551690101624e-02
-8.045854419469833374e-02,-8.045854419469833374e-02,-8.045854419469833374e-02,-8.045854419469833374e-02,-8.045854419469833374e-02,-7.426556199789047241e-02,-6.384556740522384644e-02,-4.867013916373252869e-02,-2.212147973477840424e-02,1.589824259281158447e-02,3.910997137427330017e-02,4.288063198328018188e-02,4.297661408782005310e-02,5.042045563459396362e-02,5.313717946410179138e-02,5.313717946410179138e-02,5.313717946410179138e-02,5.313717946410179138e-02,5.313717946410179138e-02
-8.171630650758743286e-02,-8.171630650758743286e-02,-8.171630650758743286e-02,-8.171630650758743286e-02,-8.171630650758743286e-02,-8.007232844829559326e-02,-7.315962761640548706e-02,-5.918014422059059143e-02,-3.255378082394599915e-02,6.889829412102699280e-03,3.423956036567687988e-02,4.689885303378105164e-02,5.367406830191612244e-02,6.406192481517791748e-02,6.460729241371154785e-02,6.460729241371154785e-02,6.460729241371154785e-02,6.460729241371154785e-02,6.460729241371154785e-02
-7.516688853502273560e-02,-7.516688853502273560e-02,-7.516688853502273560e-02,-7.516688853502273560e-02,-7.516688853502273560e-02,-7.171990722417831421e-02,-6.204266473650932312e-02,-4.687945917248725891e-02,-2.115402743220329285e-02,1.663535460829734802e-02,3.656464070081710815e-02,4.034855216741561890e-02,4.244984313845634460e-02,4.968137666583061218e-02,5.074233934283256531e-02,5.074233934283256531e-02,5.074233934283256531e-02,5.074233934283256531e-02,5.074233934283256531e-02
0.000000000000000000e+00,0.000000000000000000e+00,0.000000000000000000e+00,0.000000000000000000e+00,0.000000000000000000e+00,0.000000000000000000e+00,0.000000000000000000e+00,0.000000000000000000e+00,0.000000000000000000e+00,0.000000000000000000e+00,0.000000000000000000e+00,0.000000000000000000e+00,0.000000000000000000e+00,0.000000000000000000e+00,0.000000000000000000e+00,0.000000000000000000e+00,0.000000000000000000e+00,0.000000000000000000e+00,0.000000000000000000e+00
7.588909473270177841e-03,7.588909473270177841e-03,7.588909473270177841e-03,7.588909473270177841e-03,7.588909473270177841e-03,-1.523735991213470697e-04,-6.851600948721170425e-03,-8.796893060207366943e-03,-2.354126889258623123e-03,1.387778780781445676e-17,1.387778780781445676e-17,1.387778780781445676e-17,1.387778780781445676e-17,1.387778780781445676e-17,1.387778780781445676e-17,-3.743857833595425717e-17,-3.743857833595425717e-17,-3.743857833595425717e-17,-3.743857833595425717e-17
-3.263069316744804382e-02,-3.263069316744804382e-02,-3.263069316744804382e-02,-3.263069316744804382e-02,-3.263069316744804382e-02,-1.279604714363813400e-02,1.040243636816740036e-02,3.293637186288833618e-02,4.996761679649353027e-02,4.668661952018737793e-02,4.187414422631263733e-02,4.196469113230705261e-02,3.318326547741889954e-02,1.132269762456417084e-02,-1.097712852060794830e-02,-1.097712852060794830e-02,-1.097712852060794830e-02,-1.097712852060794830e-02,-1.097712852060794830e-02
-2.558707445859909058e-02,-2.558707445859909058e-02,-2.558707445859909058e-02,-2.558707445859909058e-02,-2.558707445859909058e-02,6.143706850707530975e-03,3.806681185960769653e-02,5.976167693734169006e-02,6.430109590291976929e-02,4.032242298126220703e-02,1.696852967143058777e-02,9.394424967467784882e-03,8.989008143544197083e-03,-1.389374257996678352e-03,-1.228878274559974670e-02,-1.228878274559974670e-02,-1.228878274559974670e-02,-1.228878274559974670e-02,-1.228878274559974670e-02
-1.641215011477470398e-02,-1.641215011477470398e-02,-1.641215011477470398e-02,-1.641215011477470398e-02,-1.641215011477470398e-02,1.151154376566410065e-02,3.290835022926330566e-02,4.250916466116905212e-02,3.990344703197479248e-02,2.181939780712127686e-02,1.534615643322467804e-02,1.712721213698387146e-02,1.946892961859703064e-02,5.918230395764112473e-03,-1.200282853096723557e-02,-1.200282853096723557e-02,-1.200282853096723557e-02,-1.200282853096723557e-02,-1.200282853096723557e-02
-6.374449003487825394e-03,-6.374449003487825394e-03,-6.374449003487825394e-03,-6.374449003487825394e-03,-6.374449003487825394e-03,1.675599440932273865e-02,3.263484314084053040e-02,3.556940704584121704e-02,2.353181317448616028e-02,-7.725366158410906792e-04,-6.724071688950061798e-03,2.974707866087555885e-03,1.996898651123046875e-02,2.063511312007904053e-02,1.103880628943443298e-02,1.103880628943443298e-02,1.103880628943443298e-02,1.103880628943443298e-02,1.103880628943443298e-02
-1.699325442314147949e-02,-1.699325442314147949e-02,-1.699325442314147949e-02,-1.699325442314147949e-02,-1.699325442314147949e-02,1.382049918174743652e-02,3.692719712853431702e-02,4.592851921916007996e-02,4.051032662391662598e-02,1.634321361780166626e-02,1.249541761353611946e-03,3.779520047828555107e-03,1.450965274125337601e-02,1.268007606267929077e-02,3.417231375351548195e-03,3.417231375351548195e-03,3.417231375351548195e-03,3.417231375351548195e-03,3.417231375351548195e-03
-7.965951226651668549e-03,-7.965951226651668549e-03,-7.965951226651668549e-03,-7.965951226651668549e-03,-7.965951226651668549e-03,1.584118977189064026e-02,3.317783027887344360e-02,3.771293163299560547e-02,2.901764772832393646e-02,9.585704654455184937e-03,3.803000785410404205e-03,1.022544596344232559e-02,1.684133894741535187e-02,7.502262014895677567e-03,-7.402000948786735535e-03,-7.402000948786735535e-03,-7.402000948786735535e-03,-7.402000948786735535e-03,-7.402000948786735535e-03
-1.258639153093099594e-02,-1.258639153093099594e-02,-1.258639153093099594e-02,-1.258639153093099594e-02,-1.258639153093099594e-02,1.164074707776308060e-02,3.074032254517078400e-02,3.909730166196823120e-02,3.508455306291580200e-02,1.830451749265193939e-02,9.485431946814060211e-03,9.867346845567226410e-03,1.288367062807083130e-02,3.012620378285646439e-03,-1.033576391637325287e-02,-1.033576391637325287e-02,-1.033576391637325287e-02,-1.033576391637325287e-02,-1.033576391637325287e-02
-6.882464047521352768e-03,-6.882464047521352768e-03,-6.882464047521352768e-03,-6.882464047521352768e-03,-6.882464047521352768e-03,1.539077796041965485e-02,3.382227569818496704e-02,4.128018021583557129e-02,3.329843282699584961e-02,9.650547988712787628e-03,-2.285153139382600784e-03,1.110055236495099962e-04,5.674487445503473282e-03,1.758185098879039288e-03,-1.965489005669951439e-03,-1.965489005669951439e-03,-1.965489005669951439e-03,-1.965489005669951439e-03,-1.965489005669951439e-03
-9.541156701743602753e-03,-9.541156701743602753e-03,-9.541156701743602753e-03,-9.541156701743602753e-03,-9.541156701743602753e-03,1.653639785945415497e-02,3.413706645369529724e-02,3.978032246232032776e-02,3.267351910471916199e-02,1.246798317879438400e-02,3.027086611837148666e-03,8.796428330242633820e-03,1.631728559732437134e-02,8.187942206859588623e-03,-5.665625911206007004e-03,-5.665625911206007004e-03,-5.665625911206007004e-03,-5.665625911206007004e-03,-5.665625911206007004e-03
-1.219652965664863586e-02,-1.219652965664863586e-02,-1.219652965664863586e-02,-1.219652965664863586e-02,-1.219652965664863586e-02,8.713498711585998535e-03,2.741418592631816864e-02,3.695282712578773499e-02,3.414873033761978149e-02,1.905704289674758911e-02,1.340548042207956314e-02,1.681505516171455383e-02,2.028269693255424500e-02,8.118939585983753204e-03,-7.540069054812192917e-03,-7.540069054812192917e-03,-7.540069054812192917e-03,-7.540069054812192917e-03,-7.540069054812192917e-03
-8.351179771125316620e-03,-8.351179771125316620e-03,-8.351179771125316620e-03,-8.351179771125316620e-03,-8.351179771125316620e-03,1.450510416179895401e-02,3.229216858744621277e-02,3.767741471529006958e-02,2.953865192830562592e-02,1.122151687741279602e-02,6.715095601975917816e-03,1.065793912857770920e-02,1.411130558699369431e-02,5.256738513708114624e-03,-5.900788120925426483e-03,-5.900788120925426483e-03,-5.900788120925426483e-03,-5.900788120925426483e-03,-5.900788120925426483e-03
