0.000000000000000000e+00,0.000000000000000000e+00,0.000000000000000000e+00,1.292790472507476807e-01,2.615312635898590088e-01,2.619188725948333740e-01,2.339724004268646240e-01,1.720225661993026733e-01,6.754253990948200226e-03,0.000000000000000000e+00,0.000000000000000000e+00,0.000000000000000000e+00,0.000000000000000000e+00,0.000000000000000000e+00,0.000000000000000000e+00,0.000000000000000000e+00,0.000000000000000000e+00,0.000000000000000000e+00,0.000000000000000000e+00,0.000000000000000000e+00
1.000000000000000000e+00,1.000000000000000000e+00,1.000000000000000000e+00,1.000000000000000000e+00,1.000000000000000000e+00,1.000000000000000000e+00,1.000000000000000000e+00,1.000000000000000000e+00,1.000000000000000000e+00,1.000000000000000000e+00,1.000000000000000000e+00,1.000000000000000000e+00,1.000000000000000000e+00,1.000000000000000000e+00,1.000000000000000000e+00,1.000000000000000000e+00,1.000000000000000000e+00,1.000000000000000000e+00,1.000000000000000000e+00,1.000000000000000000e+00
7.559687495231628418e-01,4.721898436546325684e-01,9.617201983928680420e-02,0.000000000000000000e+00,0.000000000000000000e+00,0.000000000000000000e+00,0.000000000000000000e+00,0.000000000000000000e+00,0.000000000000000000e+00,1.021410152316093445e-01,2.176941931247711182e-01,3.449912965297698975e-01,4.889413416385650635e-01,5.697873830795288086e-01,6.049748659133911133e-01,6.298809647560119629e-01,6.538518071174621582e-01,6.474739909172058105e-01,6.589946746826171875e-01,6.923591494560241699e-01
8.901826143264770508e-01,7.340049743652343750e-01,2.738181054592132568e-01,2.801920175552368164e-01,3.328069150447845459e-01,3.561704158782958984e-01,3.642424941062927246e-01,3.363956809043884277e-01,3.524921834468841553e-01,5.118663907051086426e-01,6.985446214675903320e-01,8.122729063034057617e-01,8.517442345619201660e-01,8.111901879310607910e-01,7.754521965980529785e-01,7.718661427497863770e-01,8.102418184280395508e-01,8.084163069725036621e-01,8.213294744491577148e-01,8.446658849716186523e-01
9.667364358901977539e-01,7.990878820419311523e-01,2.449405640363693237e-01,1.341126710176467896e-01,1.929226964712142944e-01,2.336297780275344849e-01,2.653815746307373047e-01,2.825568616390228271e-01,3.087243139743804932e-01,4.845635592937469482e-01,6.267985701560974121e-01,7.259140610694885254e-01,8.155873417854309082e-01,8.145866394042968750e-01,7.971545457839965820e-01,8.085133433341979980e-01,8.443663716316223145e-01,8.427874445915222168e-01,8.430213332176208496e-01,8.590074777603149414e-01
8.794186115264892578e-01,7.205486297607421875e-01,3.487780690193176270e-01,3.700129091739654541e-01,4.939364790916442871e-01,5.419384837150573730e-01,5.311439633369445801e-01,4.909681081771850586e-01,4.552348852157592773e-01,4.788207411766052246e-01,5.440352559089660645e-01,6.360424757003784180e-01,7.431347966194152832e-01,7.831574678421020508e-01,7.625228166580200195e-01,7.744846940040588379e-01,7.974382042884826660e-01,7.842794060707092285e-01,7.929309606552124023e-01,8.119767308235168457e-01
7.794196605682373047e-01,5.208160281181335449e-01,2.688818573951721191e-01,3.143055438995361328e-01,4.231511652469635010e-01,4.446094334125518799e-01,4.072308838367462158e-01,3.677448630332946777e-01,3.423722386360168457e-01,4.433926045894622803e-01,6.057798266410827637e-01,7.335790991783142090e-01,7.991742491722106934e-01,7.761584520339965820e-01,7.511428594589233398e-01,7.632499933242797852e-01,7.695940136909484863e-01,7.767565846443176270e-01,7.836169600486755371e-01,7.996241450309753418e-01
8.092998862266540527e-01,5.720530152320861816e-01,2.859536409378051758e-01,2.676002383232116699e-01,3.588475883007049561e-01,3.749031126499176025e-01,3.634447753429412842e-01,3.290053606033325195e-01,3.330059051513671875e-01,4.808460175991058350e-01,6.483660340309143066e-01,7.540299296379089355e-01,8.037498593330383301e-01,7.910205125808715820e-01,7.799099683761596680e-01,7.956711649894714355e-01,8.142246603965759277e-01,8.014554977416992188e-01,8.154068589210510254e-01,8.361164927482604980e-01
8.731175065040588379e-01,7.761269807815551758e-01,4.628325402736663818e-01,4.000457227230072021e-01,4.619018435478210449e-01,4.536860585212707520e-01,4.931235313415527344e-01,5.267475247383117676e-01,5.199034214019775391e-01,5.516611337661743164e-01,6.432505846023559570e-01,7.123066186904907227e-01,7.689586281776428223e-01,7.485030889511108398e-01,7.417364120483398438e-01,7.914349436759948730e-01,8.149214386940002441e-01,7.933443784713745117e-01,8.082059025764465332e-01,8.344627618789672852e-01
8.581321239471435547e-01,7.598436474800109863e-01,3.950877487659454346e-01,3.301163911819458008e-01,4.202477931976318359e-01,4.267600178718566895e-01,4.168737828731536865e-01,3.986985087394714355e-01,3.871836364269256592e-01,4.024307727813720703e-01,4.910554885864257812e-01,6.421282887458801270e-01,7.464831471443176270e-01,7.705768346786499023e-01,7.675853371620178223e-01,7.891637682914733887e-01,8.027939200401306152e-01,7.822550535202026367e-01,8.000642061233520508e-01,8.237869143486022949e-01
8.453177809715270996e-01,6.944242715835571289e-01,2.972964644432067871e-01,2.898259460926055908e-01,3.803061842918395996e-01,3.903058171272277832e-01,3.549812138080596924e-01,3.160817325115203857e-01,2.816215455532073975e-01,3.713554739952087402e-01,4.824524521827697754e-01,5.901742577552795410e-01,6.728460192680358887e-01,7.349065542221069336e-01,7.463485598564147949e-01,7.659009099006652832e-01,7.771229743957519531e-01,7.544229030609130859e-01,7.663373351097106934e-01,7.831637859344482422e-01
8.871110081672668457e-01,7.682150006294250488e-01,3.321058154106140137e-01,3.123777210712432861e-01,3.737766742706298828e-01,3.606036901473999023e-01,3.529569804668426514e-01,3.190108835697174072e-01,2.639160156250000000e-01,3.731837570667266846e-01,5.109563469886779785e-01,6.461765766143798828e-01,7.337117195129394531e-01,7.352961301803588867e-01,7.366783618927001953e-01,7.753608226776123047e-01,7.985982298851013184e-01,7.837646007537841797e-01,7.935707569122314453e-01,8.145425319671630859e-01
9.196653366088867188e-01,7.985546588897705078e-01,3.431065678596496582e-01,2.723580598831176758e-01,3.394507765769958496e-01,3.497759997844696045e-01,3.619023263454437256e-01,3.904690742492675781e-01,3.995454311370849609e-01,4.654841125011444092e-01,5.238218307495117188e-01,6.128890514373779297e-01,7.158692479133605957e-01,7.443547844886779785e-01,7.445796728134155273e-01,7.804381251335144043e-01,8.088820576667785645e-01,7.921885848045349121e-01,7.942842245101928711e-01,8.302877545356750488e-01
1.906115561723709106e-02,1.906115561723709106e-02,1.906115561723709106e-02,1.906115561723709106e-02,1.906115561723709106e-02,1.303182332776486874e-03,-1.645479165017604828e-02,-3.421276435256004333e-02,-4.119748249650001526e-02,-3.500653430819511414e-02,-2.442442998290061951e-02,-1.180588360875844955e-02,-4.502836090978235006e-04,-0.000000000000000000e+00,-0.000000000000000000e+00,-0.000000000000000000e+00,0.000000000000000000e+00,0.000000000000000000e+00,0.000000000000000000e+00,0.000000000000000000e+00
-3.109246522005967991e-17,-3.109246522005967991e-17,-3.109246522005967991e-17,-3.109246522005967991e-17,-3.469446951953614189e-18,-3.469446951953614189e-18,-3.469446951953614189e-18,-3.469446951953614189e-18,-3.469446951953614189e-18,-3.469446951953614189e-18,-3.469446951953614189e-18,-3.469446951953614189e-18,-3.469446951953614189e-18,-3.469446951953614189e-18,-3.469446951953614189e-18,-3.469446951953614189e-18,-3.109246522005967991e-17,-3.109246522005967991e-17,-3.109246522005967991e-17,-3.109246522005967991e-17
-7.721314579248428345e-02,-7.721314579248428345e-02,-7.721314579248428345e-02,-7.721314579248428345e-02,-7.721314579248428345e-02,-2.947852201759815216e-02,1.320852898061275482e-02,3.728882968425750732e-02,5.880447849631309509e-02,7.756084203720092773e-02,8.916657418012619019e-02,9.234980493783950806e-02,8.663307875394821167e-02,6.959362328052520752e-02,5.104274302721023560e-02,3.506469354033470154e-02,3.506469354033470154e-02,3.506469354033470154e-02,3.506469354033470154e-02,3.506469354033470154e-02
-5.144603922963142395e-02,-5.144603922963142395e-02,-5.144603922963142395e-02,-5.144603922963142395e-02,-5.144603922963142395e-02,-8.478153496980667114e-03,4.022541642189025879e-02,5.875297263264656067e-02,7.146885991096496582e-02,7.633985579013824463e-02,7.280221581459045410e-02,6.271015107631683350e-02,4.606217145919799805e-02,2.273642830550670624e-02,5.954012274742126465e-03,1.126158284023404121e-03,1.126158284023404121e-03,1.126158284023404121e-03,1.126158284023404121e-03,1.126158284023404121e-03
-6.735403835773468018e-02,-6.735403835773468018e-02,-6.735403835773468018e-02,-6.735403835773468018e-02,-6.735403835773468018e-02,-1.162331271916627884e-02,4.765525087714195251e-02,7.023406028747558594e-02,8.153919875621795654e-02,8.632055670022964478e-02,8.297096192836761475e-02,7.363252341747283936e-02,5.906336754560470581e-02,3.720607981085777283e-02,2.111659944057464600e-02,1.197148486971855164e-02,1.197148486971855164e-02,1.197148486971855164e-02,1.197148486971855164e-02,1.197148486971855164e-02
-3.081365115940570831e-02,-3.081365115940570831e-02,-3.081365115940570831e-02,-3.081365115940570831e-02,-3.081365115940570831e-02,-6.140387151390314102e-03,1.631797850131988525e-02,1.687116734683513641e-02,2.154567465186119080e-02,3.299662470817565918e-02,4.225175082683563232e-02,4.772838577628135681e-02,4.733158648014068604e-02,3.797193244099617004e-02,2.567046135663986206e-02,1.483807992190122604e-02,1.483807992190122604e-02,1.483807992190122604e-02,1.483807992190122604e-02,1.483807992190122604e-02
-3.000668808817863464e-02,-3.000668808817863464e-02,-3.000668808817863464e-02,-3.000668808817863464e-02,-3.000668808817863464e-02,2.893010787374805659e-05,2.494051121175289154e-02,3.596146404743194580e-02,4.739578440785408020e-02,5.828503891825675964e-02,6.341131776571273804e-02,6.112097576260566711e-02,5.002941191196441650e-02,3.060348145663738251e-02,1.281353458762168884e-02,3.952595405280590057e-03,3.952595405280590057e-03,3.952595405280590057e-03,3.952595405280590057e-03,3.952595405280590057e-03
-3.953389450907707214e-02,-3.953389450907707214e-02,-3.953389450907707214e-02,-3.953389450907707214e-02,-3.953389450907707214e-02,-1.604396151378750801e-03,3.319676220417022705e-02,4.992868378758430481e-02,6.064454466104507446e-02,6.917989999055862427e-02,7.110963761806488037e-02,6.638513505458831787e-02,5.282381549477577209e-02,3.065760619938373566e-02,1.393400412052869797e-02,6.975031923502683640e-03,6.975031923502683640e-03,6.975031923502683640e-03,6.975031923502683640e-03,6.975031923502683640e-03
-3.411287441849708557e-02,-3.411287441849708557e-02,-3.411287441849708557e-02,-3.411287441849708557e-02,-3.411287441849708557e-02,-7.367090787738561630e-03,2.275971695780754089e-02,3.359699621796607971e-02,3.882094100117683411e-02,4.168731346726417542e-02,3.864123672246932983e-02,3.739400953054428101e-02,3.554269298911094666e-02,2.687966637313365936e-02,1.729653403162956238e-02,1.282056700438261032e-02,1.282056700438261032e-02,1.282056700438261032e-02,1.282056700438261032e-02,1.282056700438261032e-02
-4.711689427495002747e-02,-4.711689427495002747e-02,-4.711689427495002747e-02,-4.711689427495002747e-02,-4.711689427495002747e-02,-2.199289388954639435e-02,8.443738333880901337e-03,2.303536795079708099e-02,3.505236655473709106e-02,4.924711212515830994e-02,5.794629454612731934e-02,6.157976388931274414e-02,5.840247124433517456e-02,4.616142436861991882e-02,2.979372814297676086e-02,1.576571166515350342e-02,1.576571166515350342e-02,1.576571166515350342e-02,1.576571166515350342e-02,1.576571166515350342e-02
-5.289938673377037048e-02,-5.289938673377037048e-02,-5.289938673377037048e-02,-5.289938673377037048e-02,-5.289938673377037048e-02,-2.186855487525463104e-02,1.189365331083536148e-02,2.327619493007659912e-02,3.466634824872016907e-02,5.135022103786468506e-02,6.372019648551940918e-02,6.851588934659957886e-02,6.396944075822830200e-02,4.735395312309265137e-02,3.113056160509586334e-02,1.870398595929145813e-02,1.870398595929145813e-02,1.870398595929145813e-02,1.870398595929145813e-02,1.870398595929145813e-02
-6.250773370265960693e-02,-6.250773370265960693e-02,-6.250773370265960693e-02,-6.250773370265960693e-02,-6.250773370265960693e-02,-2.987079508602619171e-02,1.060843560844659805e-02,2.804755978286266327e-02,4.444384202361106873e-02,5.904009565711021423e-02,6.660542637109756470e-02,6.984444707632064819e-02,6.476372480392456055e-02,4.610973596572875977e-02,2.855098992586135864e-02,1.686496287584304810e-02,1.686496287584304810e-02,1.686496287584304810e-02,1.686496287584304810e-02,1.686496287584304810e-02
-5.316211655735969543e-02,-5.316211655735969543e-02,-5.316211655735969543e-02,-5.316211655735969543e-02,-5.316211655735969543e-02,-1.507153362035751343e-02,2.438535913825035095e-02,3.640494123101234436e-02,4.489778354763984680e-02,5.348886922001838684e-02,5.620698630809783936e-02,5.574612691998481750e-02,5.258649960160255432e-02,4.209678620100021362e-02,3.069761954247951508e-02,2.108016237616539001e-02,2.108016237616539001e-02,2.108016237616539001e-02,2.108016237616539001e-02,2.108016237616539001e-02
-2.675214782357215881e-02,-2.675214782357215881e-02,-2.675214782357215881e-02,-2.675214782357215881e-02,-2.675214782357215881e-02,-3.468630462884902954e-02,-2.878308109939098358e-02,-9.042474441230297089e-03,9.145150892436504364e-03,1.619162783026695251e-02,1.666959188878536224e-02,1.052794698625802994e-02,4.093487223144620657e-04,0.000000000000000000e+00,0.000000000000000000e+00,0.000000000000000000e+00,0.000000000000000000e+00,0.000000000000000000e+00,0.000000000000000000e+00,0.000000000000000000e+00
-3.743857833595425717e-17,-3.743857833595425717e-17,-3.743857833595425717e-17,-3.743857833595425717e-17,1.387778780781445676e-17,1.387778780781445676e-17,1.387778780781445676e-17,1.387778780781445676e-17,1.387778780781445676e-17,1.387778780781445676e-17,1.387778780781445676e-17,1.387778780781445676e-17,1.387778780781445676e-17,1.387778780781445676e-17,1.387778780781445676e-17,1.387778780781445676e-17,-3.743857833595425717e-17,-3.743857833595425717e-17,-3.743857833595425717e-17,-3.743857833595425717e-17
5.130536481738090515e-02,5.130536481738090515e-02,5.130536481738090515e-02,5.130536481738090515e-02,5.130536481738090515e-02,3.626508265733718872e-02,2.056978642940521240e-02,2.243828400969505310e-02,2.733191661536693573e-02,2.353481389582157135e-02,1.095485687255859375e-02,-5.230662412941455841e-03,-1.835370622575283051e-02,-2.316289767622947693e-02,-2.195164375007152557e-02,-1.440346147865056992e-02,-1.440346147865056992e-02,-1.440346147865056992e-02,-1.440346147865056992e-02,-1.440346147865056992e-02
4.265998676419258118e-02,4.265998676419258118e-02,4.265998676419258118e-02,4.265998676419258118e-02,4.265998676419258118e-02,3.325242549180984497e-02,1.781320199370384216e-02,2.586965635418891907e-02,2.461891621351242065e-02,8.449571207165718079e-03,-1.335627585649490356e-02,-3.086121194064617157e-02,-3.221439942717552185e-02,-1.954509690403938293e-02,-3.929850179702043533e-03,5.962833296507596970e-03,5.962833296507596970e-03,5.962833296507596970e-03,5.962833296507596970e-03,5.962833296507596970e-03
6.296917796134948730e-02,6.296917796134948730e-02,6.296917796134948730e-02,6.296917796134948730e-02,6.296917796134948730e-02,5.199300870299339294e-02,2.303776890039443970e-02,1.874959655106067657e-02,1.861929334700107574e-02,7.043105084449052811e-03,-1.012460701167583466e-02,-2.411455661058425903e-02,-2.717274054884910583e-02,-1.844108477234840393e-02,-1.012890134006738663e-02,-2.915695542469620705e-03,-2.915695542469620705e-03,-2.915695542469620705e-03,-2.915695542469620705e-03,-2.915695542469620705e-03
2.906847558915615082e-02,2.906847558915615082e-02,2.906847558915615082e-02,2.906847558915615082e-02,2.906847558915615082e-02,8.782354183495044708e-03,-1.046548411250114441e-02,1.475057448260486126e-03,1.881238259375095367e-02,2.260291390120983124e-02,1.238357461988925934e-02,-1.605159486643970013e-03,-1.210730522871017456e-02,-1.685374043881893158e-02,-1.445378735661506653e-02,-7.037939503788948059e-03,-7.037939503788948059e-03,-7.037939503788948059e-03,-7.037939503788948059e-03,-7.037939503788948059e-03
2.349917590618133545e-02,2.349917590618133545e-02,2.349917590618133545e-02,2.349917590618133545e-02,2.349917590618133545e-02,6.085570435971021652e-03,3.713390091434121132e-03,2.021887525916099548e-02,2.972199954092502594e-02,1.911105588078498840e-02,-1.763418549671769142e-03,-1.945832930505275726e-02,-2.797153964638710022e-02,-2.177791856229305267e-02,-9.236984886229038239e-03,1.013814471662044525e-03,1.013814471662044525e-03,1.013814471662044525e-03,1.013814471662044525e-03,1.013814471662044525e-03
3.246163204312324524e-02,3.246163204312324524e-02,3.246163204312324524e-02,3.246163204312324524e-02,3.246163204312324524e-02,2.005197480320930481e-02,1.435044873505830765e-02,2.248999662697315216e-02,2.582939714193344116e-02,1.266601402312517166e-02,-6.926718633621931076e-03,-2.307391166687011719e-02,-2.750862948596477509e-02,-1.947545260190963745e-02,-7.882500067353248596e-03,2.265731163788586855e-04,2.265731163788586855e-04,2.265731163788586855e-04,2.265731163788586855e-04,2.265731163788586855e-04
3.620255738496780396e-02,3.620255738496780396e-02,3.620255738496780396e-02,3.620255738496780396e-02,3.620255738496780396e-02,2.453186176717281342e-02,7.030285429209470749e-03,6.672610994428396225e-03,1.039834041148424149e-02,3.845448838546872139e-03,-2.511963481083512306e-03,-6.308257114142179489e-03,-9.775032289326190948e-03,-1.042089052498340607e-02,-5.420728586614131927e-03,-5.994971725158393383e-04,-5.994971725158393383e-04,-5.994971725158393383e-04,-5.994971725158393383e-04,-5.994971725158393383e-04
3.292443603277206421e-02,3.292443603277206421e-02,3.292443603277206421e-02,3.292443603277206421e-02,3.292443603277206421e-02,2.039566449820995331e-02,2.402854384854435921e-03,1.152705959975719452e-02,2.494454570114612579e-02,2.243211120367050171e-02,1.017713174223899841e-02,-4.158564843237400055e-03,-1.591827534139156342e-02,-2.245214022696018219e-02,-1.761791855096817017e-02,-6.560434587299823761e-03,-6.560434587299823761e-03,-6.560434587299823761e-03,-6.560434587299823761e-03,-6.560434587299823761e-03
3.082523308694362640e-02,3.082523308694362640e-02,3.082523308694362640e-02,3.082523308694362640e-02,3.082523308694362640e-02,1.891990378499031067e-02,4.453690722584724426e-03,1.610853709280490875e-02,2.669543214142322540e-02,2.388381399214267731e-02,9.877395816147327423e-03,-6.065694149583578110e-03,-1.776636578142642975e-02,-2.020393498241901398e-02,-1.658475212752819061e-02,-9.965197183191776276e-03,-9.965197183191776276e-03,-9.965197183191776276e-03,-9.965197183191776276e-03,-9.965197183191776276e-03
3.342558071017265320e-02,3.342558071017265320e-02,3.342558071017265320e-02,3.342558071017265320e-02,3.342558071017265320e-02,2.492134831845760345e-02,1.015268824994564056e-02,2.228418551385402679e-02,3.051991574466228485e-02,2.150188572704792023e-02,5.109662655740976334e-03,-1.148086413741111755e-02,-2.240289375185966492e-02,-2.059181220829486847e-02,-1.328326389193534851e-02,-4.693272523581981659e-03,-4.693272523581981659e-03,-4.693272523581981659e-03,-4.693272523581981659e-03,-4.693272523581981659e-03
4.817251488566398621e-02,4.817251488566398621e-02,4.817251488566398621e-02,4.817251488566398621e-02,4.817251488566398621e-02,3.543400391936302185e-02,8.018848486244678497e-03,7.692106068134307861e-03,1.441495679318904877e-02,1.113911718130111694e-02,2.582608489319682121e-03,-4.798621870577335358e-03,-1.077990699559450150e-02,-1.367442030459642410e-02,-1.356833428144454956e-02,-7.207649294286966324e-03,-7.207649294286966324e-03,-7.207649294286966324e-03,-7.207649294286966324e-03,-7.207649294286966324e-03
