0.000000000000000000e+00,0.000000000000000000e+00,0.000000000000000000e+00,0.000000000000000000e+00,0.000000000000000000e+00,0.000000000000000000e+00,0.000000000000000000e+00,0.000000000000000000e+00,0.000000000000000000e+00,0.000000000000000000e+00,0.000000000000000000e+00,0.000000000000000000e+00,0.000000000000000000e+00,0.000000000000000000e+00,0.000000000000000000e+00,0.000000000000000000e+00,0.000000000000000000e+00
1.000000000000000000e+00,9.734205007553100586e-01,1.000000000000000000e+00,1.000000000000000000e+00,1.000000000000000000e+00,1.000000000000000000e+00,1.000000000000000000e+00,1.000000000000000000e+00,1.000000000000000000e+00,1.000000000000000000e+00,1.000000000000000000e+00,1.000000000000000000e+00,1.000000000000000000e+00,1.000000000000000000e+00,1.000000000000000000e+00,1.000000000000000000e+00,1.000000000000000000e+00
9.748808741569519043e-01,9.643420577049255371e-01,9.305517673492431641e-01,7.033498287200927734e-01,5.337351560592651367e-01,3.775930404663085938e-01,3.201855421066284180e-01,3.921913802623748779e-01,4.648395478725433350e-01,4.706710875034332275e-01,5.317498445510864258e-01,6.619797945022583008e-01,7.541711926460266113e-01,7.971203327178955078e-01,8.165396451950073242e-01,8.594321608543395996e-01,8.879366517066955566e-01
9.583459496498107910e-01,9.582073688507080078e-01,9.402369856834411621e-01,6.172769665718078613e-01,4.210931658744812012e-01,3.057330250740051270e-01,3.229079544544219971e-01,4.356510639190673828e-01,4.922583401203155518e-01,4.765112698078155518e-01,5.368047356605529785e-01,6.701340079307556152e-01,7.772154211997985840e-01,8.539065718650817871e-01,8.851613998413085938e-01,8.999030590057373047e-01,8.907724618911743164e-01
9.917590022087097168e-01,1.000000000000000000e+00,9.871959686279296875e-01,6.601430773735046387e-01,5.095149874687194824e-01,4.550378024578094482e-01,4.959767162799835205e-01,6.170228719711303711e-01,6.578111648559570312e-01,5.931277275085449219e-01,6.097021698951721191e-01,7.027274966239929199e-01,7.896531224250793457e-01,8.709603548049926758e-01,9.215650558471679688e-01,9.144831299781799316e-01,8.997715711593627930e-01
9.690443873405456543e-01,9.593619108200073242e-01,9.326739311218261719e-01,6.482161879539489746e-01,5.359004139900207520e-01,5.175030231475830078e-01,5.791528224945068359e-01,6.510573625564575195e-01,6.902774572372436523e-01,6.326361894607543945e-01,6.161793470382690430e-01,6.426603198051452637e-01,7.053267955780029297e-01,7.881800532341003418e-01,8.428710103034973145e-01,8.750476837158203125e-01,8.930222988128662109e-01
9.743945002555847168e-01,9.582570195198059082e-01,9.311326146125793457e-01,6.481124162673950195e-01,4.591873288154602051e-01,3.961717486381530762e-01,4.663042724132537842e-01,5.468449592590332031e-01,5.606310963630676270e-01,5.362145304679870605e-01,5.762786269187927246e-01,6.403169631958007812e-01,6.746529936790466309e-01,7.644272446632385254e-01,8.285812139511108398e-01,8.494896888732910156e-01,8.659678697586059570e-01
9.734379053115844727e-01,9.609931111335754395e-01,9.405810236930847168e-01,6.585533022880554199e-01,5.363776087760925293e-01,5.104990601539611816e-01,5.888259410858154297e-01,6.539512872695922852e-01,6.725102066993713379e-01,6.164326667785644531e-01,6.484438180923461914e-01,7.326088547706604004e-01,7.844738364219665527e-01,8.637951612472534180e-01,8.939148187637329102e-01,8.841561079025268555e-01,8.791292309761047363e-01
9.863655567169189453e-01,9.670137763023376465e-01,9.457000494003295898e-01,6.865836977958679199e-01,5.546102523803710938e-01,5.017393827438354492e-01,5.523298382759094238e-01,6.073325276374816895e-01,6.525906324386596680e-01,6.246107220649719238e-01,6.561180949211120605e-01,7.365519404411315918e-01,7.921072840690612793e-01,8.395000696182250977e-01,8.797947764396667480e-01,8.852697014808654785e-01,8.910513520240783691e-01
9.852732419967651367e-01,9.679096937179565430e-01,9.496068954467773438e-01,6.916575431823730469e-01,5.541041493415832520e-01,5.069199800491333008e-01,5.513005256652832031e-01,6.244802474975585938e-01,6.603905558586120605e-01,6.439639329910278320e-01,6.638041138648986816e-01,7.207027077674865723e-01,7.822711467742919922e-01,8.297061920166015625e-01,8.593885302543640137e-01,8.568741083145141602e-01,8.769747018814086914e-01
9.670051932334899902e-01,9.516428709030151367e-01,9.203943610191345215e-01,6.697698235511779785e-01,5.314033031463623047e-01,4.911123812198638916e-01,5.421251654624938965e-01,6.057043075561523438e-01,6.210932135581970215e-01,5.662889480590820312e-01,5.963217020034790039e-01,6.701954007148742676e-01,7.401272654533386230e-01,8.015332818031311035e-01,8.453254103660583496e-01,8.562496304512023926e-01,8.682664632797241211e-01
9.686403870582580566e-01,9.597820043563842773e-01,9.490442276000976562e-01,6.824201345443725586e-01,5.016379356384277344e-01,4.283806979656219482e-01,4.709652066230773926e-01,5.342265963554382324e-01,5.711447596549987793e-01,5.539802312850952148e-01,5.842800140380859375e-01,6.717527508735656738e-01,7.519329786300659180e-01,8.182148933410644531e-01,8.586769104003906250e-01,8.830657005310058594e-01,8.865171074867248535e-01
9.533548951148986816e-01,9.427211880683898926e-01,9.079737663269042969e-01,6.365444064140319824e-01,5.490895509719848633e-01,5.064664483070373535e-01,5.425914525985717773e-01,5.941920876502990723e-01,6.237566471099853516e-01,6.034495830535888672e-01,6.336639523506164551e-01,6.961631178855895996e-01,7.513165473937988281e-01,8.081114888191223145e-01,8.469030261039733887e-01,8.707169294357299805e-01,8.753853440284729004e-01
0.000000000000000000e+00,0.000000000000000000e+00,0.000000000000000000e+00,0.000000000000000000e+00,-0.000000000000000000e+00,-0.000000000000000000e+00,-0.000000000000000000e+00,-0.000000000000000000e+00,-0.000000000000000000e+00,-0.000000000000000000e+00,-0.000000000000000000e+00,-0.000000000000000000e+00,-0.000000000000000000e+00,0.000000000000000000e+00,0.000000000000000000e+00,0.000000000000000000e+00,0.000000000000000000e+00
1.328974962234497070e-03,1.328974962234497070e-03,1.328974962234497070e-03,1.328974962234497070e-03,1.328974962234497070e-03,1.771966577507555485e-03,-3.469446951953614189e-18,-3.469446951953614189e-18,-3.469446951953614189e-18,-3.469446951953614189e-18,-3.469446951953614189e-18,-3.469446951953614189e-18,-3.469446951953614189e-18,-3.109246522005967991e-17,-3.109246522005967991e-17,-3.109246522005967991e-17,-3.109246522005967991e-17
-8.838511258363723755e-02,-8.838511258363723755e-02,-8.838511258363723755e-02,-8.838511258363723755e-02,-8.838511258363723755e-02,-7.012812048196792603e-02,-4.027394577860832214e-02,2.656233729794621468e-03,3.727521374821662903e-02,5.977588891983032227e-02,6.616958975791931152e-02,6.332305073738098145e-02,5.938986316323280334e-02,5.938986316323280334e-02,5.938986316323280334e-02,5.938986316323280334e-02,5.938986316323280334e-02
-8.297035843133926392e-02,-8.297035843133926392e-02,-8.297035843133926392e-02,-8.297035843133926392e-02,-8.297035843133926392e-02,-6.220262125134468079e-02,-2.939629554748535156e-02,1.782449521124362946e-02,4.977243021130561829e-02,6.781881302595138550e-02,7.112195342779159546e-02,6.718197464942932129e-02,6.241196393966674805e-02,6.241196393966674805e-02,6.241196393966674805e-02,6.241196393966674805e-02,6.241196393966674805e-02
-6.120444089174270630e-02,-6.120444089174270630e-02,-6.120444089174270630e-02,-6.120444089174270630e-02,-6.120444089174270630e-02,-4.525703564286231995e-02,-2.087406441569328308e-02,1.514855865389108658e-02,3.445295616984367371e-02,4.446699470281600952e-02,4.729082435369491577e-02,4.527864977717399597e-02,4.539777338504791260e-02,4.539777338504791260e-02,4.539777338504791260e-02,4.539777338504791260e-02,4.539777338504791260e-02
-4.796227812767028809e-02,-4.796227812767028809e-02,-4.796227812767028809e-02,-4.796227812767028809e-02,-4.796227812767028809e-02,-3.308596089482307434e-02,-1.450683176517486572e-02,9.333404712378978729e-03,1.848015561699867249e-02,2.283896319568157196e-02,2.510606124997138977e-02,2.923295274376869202e-02,3.561861440539360046e-02,3.561861440539360046e-02,3.561861440539360046e-02,3.561861440539360046e-02,3.561861440539360046e-02
-6.784811615943908691e-02,-6.784811615943908691e-02,-6.784811615943908691e-02,-6.784811615943908691e-02,-6.784811615943908691e-02,-4.991820827126502991e-02,-2.335914783179759979e-02,1.157507486641407013e-02,3.006027638912200928e-02,3.834432736039161682e-02,4.056667909026145935e-02,4.282048344612121582e-02,4.649813473224639893e-02,4.649813473224639893e-02,4.649813473224639893e-02,4.649813473224639893e-02,4.649813473224639893e-02
-4.960667714476585388e-02,-4.960667714476585388e-02,-4.960667714476585388e-02,-4.960667714476585388e-02,-4.960667714476585388e-02,-3.565349802374839783e-02,-1.465322170406579971e-02,1.546620484441518784e-02,2.900719083845615387e-02,3.555627912282943726e-02,3.649984300136566162e-02,3.692980110645294189e-02,3.752958029508590698e-02,3.752958029508590698e-02,3.752958029508590698e-02,3.752958029508590698e-02,3.752958029508590698e-02
-5.642880126833915710e-02,-5.642880126833915710e-02,-5.642880126833915710e-02,-5.642880126833915710e-02,-5.642880126833915710e-02,-4.016205295920372009e-02,-1.737821474671363831e-02,1.417333260178565979e-02,3.132134303450584412e-02,3.887235745787620544e-02,3.995561599731445312e-02,3.931881859898567200e-02,3.810202330350875854e-02,3.810202330350875854e-02,3.810202330350875854e-02,3.810202330350875854e-02,3.810202330350875854e-02
-5.518615618348121643e-02,-5.518615618348121643e-02,-5.518615618348121643e-02,-5.518615618348121643e-02,-5.518615618348121643e-02,-3.834317252039909363e-02,-1.593598164618015289e-02,1.380764134228229523e-02,2.997511811554431915e-02,3.633191809058189392e-02,3.614216297864913940e-02,3.360868245363235474e-02,3.342065587639808655e-02,3.342065587639808655e-02,3.342065587639808655e-02,3.342065587639808655e-02,3.342065587639808655e-02
-5.594432353973388672e-02,-5.594432353973388672e-02,-5.594432353973388672e-02,-5.594432353973388672e-02,-5.594432353973388672e-02,-4.261213913559913635e-02,-2.187935821712017059e-02,7.096311543136835098e-03,2.401871047914028168e-02,3.233167529106140137e-02,3.570437431335449219e-02,3.815286979079246521e-02,4.146533831954002380e-02,4.146533831954002380e-02,4.146533831954002380e-02,4.146533831954002380e-02,4.146533831954002380e-02
-6.794743984937667847e-02,-6.794743984937667847e-02,-6.794743984937667847e-02,-6.794743984937667847e-02,-6.794743984937667847e-02,-5.139942094683647156e-02,-2.665861696004867554e-02,9.277255274355411530e-03,3.296132758259773254e-02,4.484046250581741333e-02,4.803601279854774475e-02,4.923458769917488098e-02,4.906669631600379944e-02,4.906669631600379944e-02,4.906669631600379944e-02,4.906669631600379944e-02,4.906669631600379944e-02
-5.374704673886299133e-02,-5.374704673886299133e-02,-5.374704673886299133e-02,-5.374704673886299133e-02,-5.374704673886299133e-02,-3.834901005029678345e-02,-1.599106565117835999e-02,1.278882566839456558e-02,2.615667507052421570e-02,3.411008045077323914e-02,3.678062930703163147e-02,3.837524726986885071e-02,3.911238908767700195e-02,3.911238908767700195e-02,3.911238908767700195e-02,3.911238908767700195e-02,3.911238908767700195e-02
0.000000000000000000e+00,0.000000000000000000e+00,0.000000000000000000e+00,0.000000000000000000e+00,0.000000000000000000e+00,0.000000000000000000e+00,0.000000000000000000e+00,0.000000000000000000e+00,0.000000000000000000e+00,0.000000000000000000e+00,0.000000000000000000e+00,0.000000000000000000e+00,0.000000000000000000e+00,0.000000000000000000e+00,0.000000000000000000e+00,0.000000000000000000e+00,0.000000000000000000e+00
-4.027196846436709166e-04,-4.027196846436709166e-04,-4.027196846436709166e-04,-4.027196846436709166e-04,-4.027196846436709166e-04,-1.610878738574683666e-03,1.387778780781445676e-17,1.387778780781445676e-17,1.387778780781445676e-17,1.387778780781445676e-17,1.387778780781445676e-17,1.387778780781445676e-17,1.387778780781445676e-17,-3.743857833595425717e-17,-3.743857833595425717e-17,-3.743857833595425717e-17,-3.743857833595425717e-17
2.327115833759307861e-02,2.327115833759307861e-02,2.327115833759307861e-02,2.327115833759307861e-02,2.327115833759307861e-02,4.137503355741500854e-02,4.693495109677314758e-02,3.833821788430213928e-02,2.718063071370124817e-02,1.217242609709501266e-02,1.106795272789895535e-03,-2.656864468008279800e-03,-7.545423228293657303e-03,-7.545423228293657303e-03,-7.545423228293657303e-03,-7.545423228293657303e-03,-7.545423228293657303e-03
3.496912494301795959e-02,3.496912494301795959e-02,3.496912494301795959e-02,3.496912494301795959e-02,3.496912494301795959e-02,4.981273785233497620e-02,4.901555180549621582e-02,3.013850562274456024e-02,1.764952763915061951e-02,9.307779371738433838e-03,5.341971758753061295e-03,1.413610531017184258e-03,-9.673083201050758362e-03,-9.673083201050758362e-03,-9.673083201050758362e-03,-9.673083201050758362e-03,-9.673083201050758362e-03
3.569993376731872559e-02,3.569993376731872559e-02,3.569993376731872559e-02,3.569993376731872559e-02,3.569993376731872559e-02,4.266490042209625244e-02,3.463824465870857239e-02,1.223965454846620560e-02,4.127379972487688065e-03,4.673318471759557724e-03,9.315488860011100769e-03,9.483781643211841583e-03,-1.364288153126835823e-03,-1.364288153126835823e-03,-1.364288153126835823e-03,-1.364288153126835823e-03,-1.364288153126835823e-03
3.269285336136817932e-02,3.269285336136817932e-02,3.269285336136817932e-02,3.269285336136817932e-02,3.269285336136817932e-02,3.514383733272552490e-02,2.397370710968971252e-02,8.799238712526857853e-04,-5.011886823922395706e-03,7.321483572013676167e-04,1.022265758365392685e-02,1.467021647840738297e-02,1.035271678119897842e-02,1.035271678119897842e-02,1.035271678119897842e-02,1.035271678119897842e-02,1.035271678119897842e-02
3.333410993218421936e-02,3.333410993218421936e-02,3.333410993218421936e-02,3.333410993218421936e-02,3.333410993218421936e-02,4.127943143248558044e-02,3.675733134150505066e-02,1.616968400776386261e-02,2.246003365144133568e-03,2.022557193413376808e-03,8.716057054698467255e-03,9.403777308762073517e-03,2.234005369246006012e-03,2.234005369246006012e-03,2.234005369246006012e-03,2.234005369246006012e-03,2.234005369246006012e-03
3.150315955281257629e-02,3.150315955281257629e-02,3.150315955281257629e-02,3.150315955281257629e-02,3.150315955281257629e-02,3.381186723709106445e-02,2.635134197771549225e-02,8.028347045183181763e-03,1.603260752744972706e-03,4.796501714736223221e-03,9.918856434524059296e-03,6.879615597426891327e-03,-2.634607022628188133e-03,-2.634607022628188133e-03,-2.634607022628188133e-03,-2.634607022628188133e-03,-2.634607022628188133e-03
2.950922213494777679e-02,2.950922213494777679e-02,2.950922213494777679e-02,2.950922213494777679e-02,2.950922213494777679e-02,3.582125902175903320e-02,3.132217004895210266e-02,1.446276344358921051e-02,5.873807240277528763e-03,3.191398223862051964e-03,5.211270414292812347e-03,3.151090350002050400e-03,-2.448472427204251289e-03,-2.448472427204251289e-03,-2.448472427204251289e-03,-2.448472427204251289e-03,-2.448472427204251289e-03
2.978388592600822449e-02,2.978388592600822449e-02,2.978388592600822449e-02,2.978388592600822449e-02,2.978388592600822449e-02,3.667329624295234680e-02,3.149152919650077820e-02,1.250220835208892822e-02,3.289324231445789337e-03,1.317062415182590485e-03,3.597164293751120567e-03,2.878097351640462875e-03,-1.376237836666405201e-03,-1.376237836666405201e-03,-1.376237836666405201e-03,-1.376237836666405201e-03,-1.376237836666405201e-03
2.879862673580646515e-02,2.879862673580646515e-02,2.879862673580646515e-02,2.879862673580646515e-02,2.879862673580646515e-02,3.250320255756378174e-02,2.686602249741554260e-02,1.096340268850326538e-02,4.932220559567213058e-03,6.365401204675436020e-03,1.052564382553100586e-02,8.947017602622509003e-03,6.595913437195122242e-04,6.595913437195122242e-04,6.595913437195122242e-04,6.595913437195122242e-04,6.595913437195122242e-04
2.877834625542163849e-02,2.877834625542163849e-02,2.877834625542163849e-02,2.877834625542163849e-02,2.877834625542163849e-02,3.937581181526184082e-02,3.727703914046287537e-02,2.004107646644115448e-02,9.602914564311504364e-03,6.699790712445974350e-03,7.769235409796237946e-03,5.551296751946210861e-03,-2.246560761705040932e-03,-2.246560761705040932e-03,-2.246560761705040932e-03,-2.246560761705040932e-03,-2.246560761705040932e-03
2.792211808264255524e-02,2.792211808264255524e-02,2.792211808264255524e-02,2.792211808264255524e-02,2.792211808264255524e-02,3.350886702537536621e-02,2.792212180793285370e-02,1.083116326481103897e-02,5.594573915004730225e-03,4.540161695331335068e-03,6.395432632416486740e-03,5.523053463548421860e-03,-3.211986040696501732e-04,-3.211986040696501732e-04,-3.211986040696501732e-04,-3.211986040696501732e-04,-3.211986040696501732e-04
