0.000000000000000000e+00,0.000000000000000000e+00,0.000000000000000000e+00,0.000000000000000000e+00,0.000000000000000000e+00,0.000000000000000000e+00,0.000000000000000000e+00,0.000000000000000000e+00,0.000000000000000000e+00,0.000000000000000000e+00,0.000000000000000000e+00,0.000000000000000000e+00,0.000000000000000000e+00,0.000000000000000000e+00
1.000000000000000000e+00,1.000000000000000000e+00,1.000000000000000000e+00,1.000000000000000000e+00,1.000000000000000000e+00,1.000000000000000000e+00,1.000000000000000000e+00,1.000000000000000000e+00,1.000000000000000000e+00,1.000000000000000000e+00,1.000000000000000000e+00,1.000000000000000000e+00,1.000000000000000000e+00,1.000000000000000000e+00
7.205767631530761719e-01,4.665379524230957031e-01,3.224892020225524902e-01,3.277859687805175781e-01,4.118210375308990479e-01,3.484870195388793945e-01,2.954795956611633301e-01,3.148739039897918701e-01,3.985185027122497559e-01,4.397352337837219238e-01,5.131958127021789551e-01,6.032045483589172363e-01,6.639690995216369629e-01,7.707902789115905762e-01
7.276139259338378906e-01,4.664278030395507812e-01,3.601065278053283691e-01,3.600101172924041748e-01,4.135591387748718262e-01,3.787444829940795898e-01,3.720672428607940674e-01,3.931347727775573730e-01,4.313970804214477539e-01,4.865748882293701172e-01,5.410625934600830078e-01,6.031084656715393066e-01,6.611434817314147949e-01,7.350245118141174316e-01
6.551418304443359375e-01,4.058867394924163818e-01,3.416714668273925781e-01,3.658172190189361572e-01,4.189857244491577148e-01,4.023818969726562500e-01,4.174132049083709717e-01,4.405978918075561523e-01,4.742283523082733154e-01,5.175060033798217773e-01,5.726428627967834473e-01,6.203556060791015625e-01,6.803373098373413086e-01,7.547862529754638672e-01
6.489211320877075195e-01,4.117741286754608154e-01,2.907386720180511475e-01,3.109411895275115967e-01,3.917274475097656250e-01,3.574562966823577881e-01,3.392295837402343750e-01,3.572183847427368164e-01,3.992419540882110596e-01,4.128408730030059814e-01,4.681720733642578125e-01,5.381361842155456543e-01,6.028997898101806641e-01,7.219191789627075195e-01
6.954807639122009277e-01,5.085893273353576660e-01,4.386996030807495117e-01,4.648625850677490234e-01,5.221266746520996094e-01,5.024466514587402344e-01,4.766965508460998535e-01,4.623045623302459717e-01,4.701645672321319580e-01,4.776227474212646484e-01,5.115000009536743164e-01,5.675237774848937988e-01,6.172222495079040527e-01,7.176895141601562500e-01
7.337110042572021484e-01,5.369561910629272461e-01,4.572244882583618164e-01,4.800921082496643066e-01,5.269383788108825684e-01,5.154139399528503418e-01,5.061069726943969727e-01,5.009697079658508301e-01,5.233529806137084961e-01,5.465910434722900391e-01,5.814155340194702148e-01,6.175119876861572266e-01,6.655046939849853516e-01,7.489015460014343262e-01
7.204145789146423340e-01,4.862041175365447998e-01,3.815440833568572998e-01,3.998946845531463623e-01,4.680410325527191162e-01,4.394004046916961670e-01,4.348097443580627441e-01,4.655157327651977539e-01,5.178235769271850586e-01,5.402271151542663574e-01,5.722435712814331055e-01,6.077803373336791992e-01,6.593599915504455566e-01,7.612425684928894043e-01
7.144182324409484863e-01,4.932475686073303223e-01,4.168471693992614746e-01,4.434389472007751465e-01,5.026568770408630371e-01,4.850598871707916260e-01,4.767374992370605469e-01,4.848842024803161621e-01,5.204964280128479004e-01,5.465124845504760742e-01,5.795461535453796387e-01,6.232990622520446777e-01,6.719941496849060059e-01,7.628850340843200684e-01
7.423562407493591309e-01,5.582678914070129395e-01,4.677227735519409180e-01,4.742179512977600098e-01,5.124383568763732910e-01,5.021451711654663086e-01,4.882063865661621094e-01,4.814403355121612549e-01,5.068545937538146973e-01,5.455400943756103516e-01,5.939458012580871582e-01,6.490339040756225586e-01,7.024288177490234375e-01,7.686164379119873047e-01
7.163062095642089844e-01,5.449192523956298828e-01,4.607231616973876953e-01,4.688511490821838379e-01,5.125448107719421387e-01,4.804735183715820312e-01,4.615356624126434326e-01,4.767982959747314453e-01,5.126756429672241211e-01,5.460072159767150879e-01,5.896574854850769043e-01,6.368556618690490723e-01,6.876305937767028809e-01,7.590581178665161133e-01
7.114945054054260254e-01,5.244303941726684570e-01,4.383444190025329590e-01,4.512134194374084473e-01,4.988499581813812256e-01,4.716280996799468994e-01,4.568876326084136963e-01,4.691875874996185303e-01,5.064361095428466797e-01,5.318788886070251465e-01,5.743135213851928711e-01,6.183010339736938477e-01,6.602404713630676270e-01,7.407601475715637207e-01
0.000000000000000000e+00,0.000000000000000000e+00,0.000000000000000000e+00,0.000000000000000000e+00,-0.000000000000000000e+00,-0.000000000000000000e+00,-0.000000000000000000e+00,-0.000000000000000000e+00,-0.000000000000000000e+00,-0.000000000000000000e+00,0.000000000000000000e+00,0.000000000000000000e+00,0.000000000000000000e+00,0.000000000000000000e+00
-3.109246522005967991e-17,-3.109246522005967991e-17,-3.109246522005967991e-17,-3.109246522005967991e-17,-3.469446951953614189e-18,-3.469446951953614189e-18,-3.469446951953614189e-18,-3.469446951953614189e-18,-3.469446951953614189e-18,-3.469446951953614189e-18,-3.109246522005967991e-17,-3.109246522005967991e-17,-3.109246522005967991e-17,-3.109246522005967991e-17
-2.960905618965625763e-02,-2.960905618965625763e-02,-2.960905618965625763e-02,-2.960905618965625763e-02,-2.960905618965625763e-02,-3.548090753611177206e-04,1.730760000646114349e-02,2.818889915943145752e-02,3.888397663831710815e-02,5.810033529996871948e-02,5.810033529996871948e-02,5.810033529996871948e-02,5.810033529996871948e-02,5.810033529996871948e-02
-2.270151115953922272e-02,-2.270151115953922272e-02,-2.270151115953922272e-02,-2.270151115953922272e-02,-2.270151115953922272e-02,5.320290103554725647e-03,1.922641322016716003e-02,2.716490626335144043e-02,3.491433709859848022e-02,4.703269526362419128e-02,4.703269526362419128e-02,4.703269526362419128e-02,4.703269526362419128e-02,4.703269526362419128e-02
-7.191204931586980820e-03,-7.191204931586980820e-03,-7.191204931586980820e-03,-7.191204931586980820e-03,-7.191204931586980820e-03,1.653560809791088104e-02,2.546088583767414093e-02,2.943647280335426331e-02,3.477824851870536804e-02,4.427199438214302063e-02,4.427199438214302063e-02,4.427199438214302063e-02,4.427199438214302063e-02,4.427199438214302063e-02
-1.698145084083080292e-02,-1.698145084083080292e-02,-1.698145084083080292e-02,-1.698145084083080292e-02,-1.698145084083080292e-02,6.163889076560735703e-03,1.717039570212364197e-02,2.181492373347282410e-02,2.833727560937404633e-02,4.466046392917633057e-02,4.466046392917633057e-02,4.466046392917633057e-02,4.466046392917633057e-02,4.466046392917633057e-02
-1.544235181063413620e-02,-1.544235181063413620e-02,-1.544235181063413620e-02,-1.544235181063413620e-02,-1.544235181063413620e-02,-1.333626569248735905e-03,3.090262878686189651e-03,5.376415792852640152e-03,1.100897975265979767e-02,2.557204104959964752e-02,2.557204104959964752e-02,2.557204104959964752e-02,2.557204104959964752e-02,2.557204104959964752e-02
-1.360507868230342865e-02,-1.360507868230342865e-02,-1.360507868230342865e-02,-1.360507868230342865e-02,-1.360507868230342865e-02,4.297478124499320984e-03,1.124409958720207214e-02,1.321185287088155746e-02,1.761329732835292816e-02,2.838817797601222992e-02,2.838817797601222992e-02,2.838817797601222992e-02,2.838817797601222992e-02,2.838817797601222992e-02
-1.210653502494096756e-02,-1.210653502494096756e-02,-1.210653502494096756e-02,-1.210653502494096756e-02,-1.210653502494096756e-02,1.204902119934558868e-02,2.182459458708763123e-02,2.381362393498420715e-02,2.699991129338741302e-02,3.833280876278877258e-02,3.833280876278877258e-02,3.833280876278877258e-02,3.833280876278877258e-02,3.833280876278877258e-02
-1.065626181662082672e-02,-1.065626181662082672e-02,-1.065626181662082672e-02,-1.065626181662082672e-02,-1.065626181662082672e-02,9.682976640760898590e-03,1.659199967980384827e-02,1.861287280917167664e-02,2.265520393848419189e-02,3.388249874114990234e-02,3.388249874114990234e-02,3.388249874114990234e-02,3.388249874114990234e-02,3.388249874114990234e-02
-1.839324645698070526e-02,-1.839324645698070526e-02,-1.839324645698070526e-02,-1.839324645698070526e-02,-1.839324645698070526e-02,9.449511999264359474e-04,1.144977007061243057e-02,1.748706959187984467e-02,2.460344322025775909e-02,3.551384434103965759e-02,3.551384434103965759e-02,3.551384434103965759e-02,3.551384434103965759e-02,3.551384434103965759e-02
-1.676062867045402527e-02,-1.676062867045402527e-02,-1.676062867045402527e-02,-1.676062867045402527e-02,-1.676062867045402527e-02,2.084907377138733864e-03,1.239653211086988449e-02,1.809272356331348419e-02,2.491570264101028442e-02,3.649532794952392578e-02,3.649532794952392578e-02,3.649532794952392578e-02,3.649532794952392578e-02,3.649532794952392578e-02
-1.547434832900762558e-02,-1.547434832900762558e-02,-1.547434832900762558e-02,-1.547434832900762558e-02,-1.547434832900762558e-02,3.800917649641633034e-03,1.331007666885852814e-02,1.774651929736137390e-02,2.305206470191478729e-02,3.421151638031005859e-02,3.421151638031005859e-02,3.421151638031005859e-02,3.421151638031005859e-02,3.421151638031005859e-02
0.000000000000000000e+00,0.000000000000000000e+00,0.000000000000000000e+00,0.000000000000000000e+00,0.000000000000000000e+00,0.000000000000000000e+00,0.000000000000000000e+00,0.000000000000000000e+00,0.000000000000000000e+00,0.000000000000000000e+00,0.000000000000000000e+00,0.000000000000000000e+00,0.000000000000000000e+00,0.000000000000000000e+00
-3.743857833595425717e-17,-3.743857833595425717e-17,-3.743857833595425717e-17,-3.743857833595425717e-17,1.387778780781445676e-17,1.387778780781445676e-17,1.387778780781445676e-17,1.387778780781445676e-17,1.387778780781445676e-17,1.387778780781445676e-17,-3.743857833595425717e-17,-3.743857833595425717e-17,-3.743857833595425717e-17,-3.743857833595425717e-17
2.625051699578762054e-02,2.625051699578762054e-02,2.625051699578762054e-02,2.625051699578762054e-02,2.625051699578762054e-02,1.360946521162986755e-02,1.104412321001291275e-02,1.762257330119609833e-02,2.059704810380935669e-02,1.389054022729396820e-02,1.389054022729396820e-02,1.389054022729396820e-02,1.389054022729396820e-02,1.389054022729396820e-02
2.550182864069938660e-02,2.550182864069938660e-02,2.550182864069938660e-02,2.550182864069938660e-02,2.550182864069938660e-02,1.140455249696969986e-02,8.302789181470870972e-03,1.126737799495458603e-02,1.315281260758638382e-02,9.057898074388504028e-03,9.057898074388504028e-03,9.057898074388504028e-03,9.057898074388504028e-03,9.057898074388504028e-03
2.172290161252021790e-02,2.172290161252021790e-02,2.172290161252021790e-02,2.172290161252021790e-02,2.172290161252021790e-02,6.165703292936086655e-03,4.241191782057285309e-03,6.981107406318187714e-03,9.193561971187591553e-03,7.468405179679393768e-03,7.468405179679393768e-03,7.468405179679393768e-03,7.468405179679393768e-03,7.468405179679393768e-03
2.271528542041778564e-02,2.271528542041778564e-02,2.271528542041778564e-02,2.271528542041778564e-02,2.271528542041778564e-02,6.490069907158613205e-03,2.281729131937026978e-03,8.512341417372226715e-03,1.425032503902912140e-02,1.439767610281705856e-02,1.439767610281705856e-02,1.439767610281705856e-02,1.439767610281705856e-02,1.439767610281705856e-02
1.130815315991640091e-02,1.130815315991640091e-02,1.130815315991640091e-02,1.130815315991640091e-02,1.130815315991640091e-02,-1.017917180433869362e-03,-1.450314652174711227e-03,6.404587533324956894e-03,1.321198046207427979e-02,1.589148305356502533e-02,1.589148305356502533e-02,1.589148305356502533e-02,1.589148305356502533e-02,1.589148305356502533e-02
1.578842103481292725e-02,1.578842103481292725e-02,1.578842103481292725e-02,1.578842103481292725e-02,1.578842103481292725e-02,3.213897347450256348e-03,1.008031074889004230e-03,5.357443355023860931e-03,9.400681592524051666e-03,1.069561950862407684e-02,1.069561950862407684e-02,1.069561950862407684e-02,1.069561950862407684e-02,1.069561950862407684e-02
2.418406866490840912e-02,2.418406866490840912e-02,2.418406866490840912e-02,2.418406866490840912e-02,2.418406866490840912e-02,8.605830371379852295e-03,2.857620827853679657e-03,4.664050880819559097e-03,7.331098429858684540e-03,7.262205705046653748e-03,7.262205705046653748e-03,7.262205705046653748e-03,7.262205705046653748e-03,7.262205705046653748e-03
1.826458424329757690e-02,1.826458424329757690e-02,1.826458424329757690e-02,1.826458424329757690e-02,1.826458424329757690e-02,4.106492269784212112e-03,1.341227558441460133e-03,5.499666091054677963e-03,9.209523908793926239e-03,9.712423197925090790e-03,9.712423197925090790e-03,9.712423197925090790e-03,9.712423197925090790e-03,9.712423197925090790e-03
1.679975725710391998e-02,1.679975725710391998e-02,1.679975725710391998e-02,1.679975725710391998e-02,1.679975725710391998e-02,6.557434797286987305e-03,4.817319102585315704e-03,9.241159074008464813e-03,1.260077394545078278e-02,1.135837472975254059e-02,1.135837472975254059e-02,1.135837472975254059e-02,1.135837472975254059e-02,1.135837472975254059e-02
1.687452010810375214e-02,1.687452010810375214e-02,1.687452010810375214e-02,1.687452010810375214e-02,1.687452010810375214e-02,7.847832515835762024e-03,6.079153623431921005e-03,9.449789300560951233e-03,1.163520291447639465e-02,9.051970206201076508e-03,9.051970206201076508e-03,9.051970206201076508e-03,9.051970206201076508e-03,9.051970206201076508e-03
1.781433261930942535e-02,1.781433261930942535e-02,1.781433261930942535e-02,1.781433261930942535e-02,1.781433261930942535e-02,6.811286788433790207e-03,4.463551100343465805e-03,7.944237440824508667e-03,1.014626491814851761e-02,8.780383504927158356e-03,8.780383504927158356e-03,8.780383504927158356e-03,8.780383504927158356e-03,8.780383504927158356e-03
