0.000000000000000000e+00,0.000000000000000000e+00,0.000000000000000000e+00,0.000000000000000000e+00,0.000000000000000000e+00,0.000000000000000000e+00,0.000000000000000000e+00,0.000000000000000000e+00,0.000000000000000000e+00,0.000000000000000000e+00,0.000000000000000000e+00,0.000000000000000000e+00,0.000000000000000000e+00,0.000000000000000000e+00,0.000000000000000000e+00,0.000000000000000000e+00,0.000000000000000000e+00,0.000000000000000000e+00,0.000000000000000000e+00,0.000000000000000000e+00,0.000000000000000000e+00,0.000000000000000000e+00,0.000000000000000000e+00
1.000000000000000000e+00,1.000000000000000000e+00,1.000000000000000000e+00,1.000000000000000000e+00,8.775352835655212402e-01,7.605366706848144531e-01,6.924028396606445312e-01,7.820074558258056641e-01,1.000000000000000000e+00,1.000000000000000000e+00,1.000000000000000000e+00,1.000000000000000000e+00,1.000000000000000000e+00,1.000000000000000000e+00,1.000000000000000000e+00,1.000000000000000000e+00,1.000000000000000000e+00,1.000000000000000000e+00,1.000000000000000000e+00,1.000000000000000000e+00,1.000000000000000000e+00,1.000000000000000000e+00,1.000000000000000000e+00
7.732887864112854004e-01,7.687346935272216797e-01,7.625808119773864746e-01,8.071792721748352051e-01,7.540099620819091797e-01,6.565226912498474121e-01,6.454902291297912598e-01,6.889617443084716797e-01,4.623640775680541992e-01,1.772522330284118652e-01,3.684189915657043457e-02,1.084079369902610779e-01,2.374364733695983887e-01,2.757283151149749756e-01,3.128497898578643799e-01,3.645970523357391357e-01,4.621101915836334229e-01,5.755600333213806152e-01,6.527248620986938477e-01,6.851791143417358398e-01,7.176665663719177246e-01,7.546679973602294922e-01,7.739500403404235840e-01
9.146075248718261719e-01,9.036644101142883301e-01,8.797465562820434570e-01,9.389511942863464355e-01,1.000000000000000000e+00,1.000000000000000000e+00,1.000000000000000000e+00,1.000000000000000000e+00,5.884206891059875488e-01,3.753579854965209961e-01,3.451510369777679443e-01,3.501881361007690430e-01,3.740811645984649658e-01,3.733875453472137451e-01,4.271210432052612305e-01,5.318678617477416992e-01,6.534466147422790527e-01,7.640905380249023438e-01,8.254804015159606934e-01,8.370006680488586426e-01,8.386222720146179199e-01,8.561767935752868652e-01,8.884857892990112305e-01
8.863987922668457031e-01,8.638752102851867676e-01,8.425773978233337402e-01,9.185179471969604492e-01,9.462850093841552734e-01,9.187797904014587402e-01,9.207981824874877930e-01,8.900849223136901855e-01,4.325697422027587891e-01,2.768800258636474609e-01,2.591436803340911865e-01,2.944320440292358398e-01,3.728306889533996582e-01,3.951295316219329834e-01,4.025116264820098877e-01,4.763345122337341309e-01,5.762553215026855469e-01,6.626277565956115723e-01,7.341607213020324707e-01,7.932377457618713379e-01,8.083990216255187988e-01,8.112920522689819336e-01,8.384640812873840332e-01
8.786421418190002441e-01,8.631199598312377930e-01,8.414176106452941895e-01,9.037227034568786621e-01,8.883182406425476074e-01,8.329462409019470215e-01,8.519652485847473145e-01,8.302109837532043457e-01,4.171582460403442383e-01,3.127016127109527588e-01,3.832110464572906494e-01,4.343014657497406006e-01,4.591946005821228027e-01,4.588693678379058838e-01,4.566891491413116455e-01,4.922013282775878906e-01,5.605730414390563965e-01,6.450062990188598633e-01,7.238880395889282227e-01,7.771816253662109375e-01,8.008982539176940918e-01,8.038262128829956055e-01,8.151888251304626465e-01
8.049646019935607910e-01,7.842447757720947266e-01,7.585471272468566895e-01,7.648162841796875000e-01,7.591155767440795898e-01,7.052183151245117188e-01,6.589026451110839844e-01,6.229063272476196289e-01,3.162451982498168945e-01,2.628707289695739746e-01,3.086728751659393311e-01,3.850897252559661865e-01,4.087429046630859375e-01,3.814371228218078613e-01,3.923141658306121826e-01,4.206807315349578857e-01,5.163211226463317871e-01,6.405906081199645996e-01,7.135794162750244141e-01,7.446876168251037598e-01,7.569147944450378418e-01,7.492922544479370117e-01,7.620041966438293457e-01
8.139761090278625488e-01,7.874367237091064453e-01,7.661369442939758301e-01,8.075336217880249023e-01,7.605342268943786621e-01,6.920441389083862305e-01,6.824994683265686035e-01,6.975463032722473145e-01,3.954361081123352051e-01,2.719183266162872314e-01,2.762411832809448242e-01,3.028819262981414795e-01,3.438585698604583740e-01,3.335993885993957520e-01,3.597991764545440674e-01,4.036504924297332764e-01,4.898807406425476074e-01,6.017289161682128906e-01,6.782749891281127930e-01,7.254109382629394531e-01,7.544300556182861328e-01,7.723589539527893066e-01,7.922537326812744141e-01
8.487370610237121582e-01,8.365611433982849121e-01,8.269700407981872559e-01,8.831921219825744629e-01,8.728692531585693359e-01,8.550783395767211914e-01,8.418208956718444824e-01,8.378254175186157227e-01,5.274125933647155762e-01,3.378058969974517822e-01,3.040430843830108643e-01,3.529760837554931641e-01,4.150167405605316162e-01,4.228511154651641846e-01,4.377175867557525635e-01,5.230447053909301758e-01,6.320759654045104980e-01,6.976712942123413086e-01,7.354222536087036133e-01,7.485010623931884766e-01,7.746738195419311523e-01,7.994840741157531738e-01,8.297277092933654785e-01
8.492112159729003906e-01,8.428102135658264160e-01,8.279554843902587891e-01,8.857685923576354980e-01,9.006484150886535645e-01,8.525724411010742188e-01,8.242551684379577637e-01,8.230209350585937500e-01,5.173488259315490723e-01,3.601499795913696289e-01,3.739172220230102539e-01,4.229526221752166748e-01,4.652154743671417236e-01,4.552179872989654541e-01,4.565813839435577393e-01,4.939574897289276123e-01,5.599514842033386230e-01,6.414762139320373535e-01,7.267095446586608887e-01,7.592208981513977051e-01,7.976165413856506348e-01,8.195110559463500977e-01,8.475607633590698242e-01
8.096932768821716309e-01,8.013384938240051270e-01,7.958520054817199707e-01,8.431388735771179199e-01,8.203511238098144531e-01,7.527211904525756836e-01,7.435660958290100098e-01,7.601757049560546875e-01,4.803162813186645508e-01,3.780294060707092285e-01,3.717708885669708252e-01,3.813363611698150635e-01,4.144288599491119385e-01,3.938192725181579590e-01,3.782721757888793945e-01,3.956102132797241211e-01,4.881813228130340576e-01,6.019463539123535156e-01,7.011500000953674316e-01,7.325201630592346191e-01,7.591919302940368652e-01,7.756911516189575195e-01,7.957943677902221680e-01
8.279231190681457520e-01,8.222603797912597656e-01,8.121490478515625000e-01,8.780139088630676270e-01,8.917986750602722168e-01,8.905003070831298828e-01,9.222451448440551758e-01,9.331258535385131836e-01,6.142436861991882324e-01,4.166787564754486084e-01,4.190456867218017578e-01,4.375399947166442871e-01,4.666208028793334961e-01,4.582628905773162842e-01,4.604703187942504883e-01,5.215452313423156738e-01,6.388515830039978027e-01,7.057041525840759277e-01,7.514863610267639160e-01,7.628657221794128418e-01,7.871917486190795898e-01,8.072200417518615723e-01,8.189901113510131836e-01
8.251717090606689453e-01,8.212048411369323730e-01,8.238154649734497070e-01,8.875654339790344238e-01,8.899154663085937500e-01,8.684538006782531738e-01,8.829298019409179688e-01,8.813223242759704590e-01,5.307720303535461426e-01,3.814485371112823486e-01,3.894208371639251709e-01,4.032017290592193604e-01,4.574807286262512207e-01,4.848812520503997803e-01,4.982257783412933350e-01,5.486330389976501465e-01,6.239483356475830078e-01,6.786572337150573730e-01,7.218120694160461426e-01,7.562839388847351074e-01,7.917520403861999512e-01,8.154624700546264648e-01,8.269269466400146484e-01
0.000000000000000000e+00,0.000000000000000000e+00,0.000000000000000000e+00,0.000000000000000000e+00,-0.000000000000000000e+00,-0.000000000000000000e+00,-0.000000000000000000e+00,-0.000000000000000000e+00,-0.000000000000000000e+00,-0.000000000000000000e+00,-0.000000000000000000e+00,-0.000000000000000000e+00,-0.000000000000000000e+00,-0.000000000000000000e+00,-0.000000000000000000e+00,-0.000000000000000000e+00,-0.000000000000000000e+00,-0.000000000000000000e+00,-0.000000000000000000e+00,0.000000000000000000e+00,0.000000000000000000e+00,0.000000000000000000e+00,0.000000000000000000e+00
-2.514392137527465820e-02,-2.514392137527465820e-02,-2.514392137527465820e-02,-2.514392137527465820e-02,-2.514392137527465820e-02,-1.035195868462324142e-02,4.440003540366888046e-03,1.923196576535701752e-02,3.402392938733100891e-02,3.861049935221672058e-02,3.140610456466674805e-02,1.453283615410327911e-02,-3.469446951953614189e-18,-3.469446951953614189e-18,-3.469446951953614189e-18,-3.469446951953614189e-18,-3.469446951953614189e-18,-3.469446951953614189e-18,-3.469446951953614189e-18,-3.109246522005967991e-17,-3.109246522005967991e-17,-3.109246522005967991e-17,-3.109246522005967991e-17
-3.113092295825481415e-02,-3.113092295825481415e-02,-3.113092295825481415e-02,-3.113092295825481415e-02,-3.113092295825481415e-02,-6.019224599003791809e-02,-8.905982226133346558e-02,-1.014709398150444031e-01,-9.066074341535568237e-02,-7.223281264305114746e-02,-5.148269236087799072e-02,-2.247424796223640442e-02,2.133925072848796844e-02,5.761379376053810120e-02,7.338673621416091919e-02,7.169789820909500122e-02,6.733309477567672729e-02,6.603313237428665161e-02,6.058909371495246887e-02,6.058909371495246887e-02,6.058909371495246887e-02,6.058909371495246887e-02,6.058909371495246887e-02
-1.190308108925819397e-02,-1.190308108925819397e-02,-1.190308108925819397e-02,-1.190308108925819397e-02,-1.190308108925819397e-02,-4.775176197290420532e-02,-7.753866910934448242e-02,-9.967437386512756348e-02,-1.064575165510177612e-01,-9.878499805927276611e-02,-7.708670198917388916e-02,-3.885730355978012085e-02,1.527954544872045517e-02,4.827027022838592529e-02,6.467059999704360962e-02,7.181965559720993042e-02,7.129908353090286255e-02,6.579933315515518188e-02,5.436078831553459167e-02,5.436078831553459167e-02,5.436078831553459167e-02,5.436078831553459167e-02,5.436078831553459167e-02
-2.633306011557579041e-02,-2.633306011557579041e-02,-2.633306011557579041e-02,-2.633306011557579041e-02,-2.633306011557579041e-02,-6.100594252347946167e-02,-8.857956528663635254e-02,-1.054965928196907043e-01,-1.017229035496711731e-01,-8.505392074584960938e-02,-6.099897623062133789e-02,-2.324983291327953339e-02,2.600898593664169312e-02,4.813019558787345886e-02,5.821182578802108765e-02,6.313255429267883301e-02,6.310315430164337158e-02,6.123373657464981079e-02,5.572633072733879089e-02,5.572633072733879089e-02,5.572633072733879089e-02,5.572633072733879089e-02,5.572633072733879089e-02
-3.323906287550926208e-02,-3.323906287550926208e-02,-3.323906287550926208e-02,-3.323906287550926208e-02,-3.323906287550926208e-02,-6.096379831433296204e-02,-7.584907859563827515e-02,-8.113837987184524536e-02,-7.279077917337417603e-02,-5.833975970745086670e-02,-4.149094596505165100e-02,-1.441878080368041992e-02,2.139470726251602173e-02,3.290998190641403198e-02,3.718185424804687500e-02,4.402931034564971924e-02,5.014923587441444397e-02,5.242883786559104919e-02,4.969498515129089355e-02,4.969498515129089355e-02,4.969498515129089355e-02,4.969498515129089355e-02,4.969498515129089355e-02
-4.496299847960472107e-02,-4.496299847960472107e-02,-4.496299847960472107e-02,-4.496299847960472107e-02,-4.496299847960472107e-02,-6.327391415834426880e-02,-7.122310996055603027e-02,-6.829311698675155640e-02,-5.703952535986900330e-02,-4.214682430028915405e-02,-2.472578547894954681e-02,-4.058211110532283783e-03,2.395606227219104767e-02,3.647629171609878540e-02,4.400881379842758179e-02,4.992024973034858704e-02,5.574798956513404846e-02,5.684157460927963257e-02,5.083131790161132812e-02,5.083131790161132812e-02,5.083131790161132812e-02,5.083131790161132812e-02,5.083131790161132812e-02
-3.710993006825447083e-02,-3.710993006825447083e-02,-3.710993006825447083e-02,-3.710993006825447083e-02,-3.710993006825447083e-02,-5.786975845694541931e-02,-7.151871919631958008e-02,-7.664667814970016479e-02,-6.787223368883132935e-02,-5.597042292356491089e-02,-4.091389104723930359e-02,-1.819190941751003265e-02,1.618014089763164520e-02,3.629397973418235779e-02,4.777952656149864197e-02,5.599509924650192261e-02,6.087917834520339966e-02,6.284743547439575195e-02,5.814540386199951172e-02,5.814540386199951172e-02,5.814540386199951172e-02,5.814540386199951172e-02,5.814540386199951172e-02
-2.133195288479328156e-02,-2.133195288479328156e-02,-2.133195288479328156e-02,-2.133195288479328156e-02,-2.133195288479328156e-02,-5.025791749358177185e-02,-7.393387705087661743e-02,-8.627159893512725830e-02,-8.188819885253906250e-02,-7.003982365131378174e-02,-5.118262767791748047e-02,-2.078573033213615417e-02,2.185989916324615479e-02,4.643997177481651306e-02,5.489857122302055359e-02,5.478858575224876404e-02,5.309356749057769775e-02,5.119432508945465088e-02,4.555639997124671936e-02,4.555639997124671936e-02,4.555639997124671936e-02,4.555639997124671936e-02,4.555639997124671936e-02
-2.379023656249046326e-02,-2.379023656249046326e-02,-2.379023656249046326e-02,-2.379023656249046326e-02,-2.379023656249046326e-02,-5.107248947024345398e-02,-6.981932371854782104e-02,-7.872014492750167847e-02,-7.323563098907470703e-02,-6.016841903328895569e-02,-4.359279945492744446e-02,-2.028536424040794373e-02,1.282378099858760834e-02,3.027972206473350525e-02,3.824919462203979492e-02,4.342403262853622437e-02,4.882313311100006104e-02,5.295937880873680115e-02,5.222754925489425659e-02,5.222754925489425659e-02,5.222754925489425659e-02,5.222754925489425659e-02,5.222754925489425659e-02
-2.726643159985542297e-02,-2.726643159985542297e-02,-2.726643159985542297e-02,-2.726643159985542297e-02,-2.726643159985542297e-02,-4.804258048534393311e-02,-6.273780018091201782e-02,-7.009306550025939941e-02,-6.439300626516342163e-02,-5.482072383165359497e-02,-4.481188207864761353e-02,-2.816927619278430939e-02,1.828134525567293167e-03,2.062150277197360992e-02,3.547737002372741699e-02,4.651769995689392090e-02,5.412077903747558594e-02,5.928392335772514343e-02,5.804877728223800659e-02,5.804877728223800659e-02,5.804877728223800659e-02,5.804877728223800659e-02,5.804877728223800659e-02
-4.824045114219188690e-03,-4.824045114219188690e-03,-4.824045114219188690e-03,-4.824045114219188690e-03,-4.824045114219188690e-03,-3.458953648805618286e-02,-5.781505629420280457e-02,-7.392998784780502319e-02,-7.637397199869155884e-02,-7.136987149715423584e-02,-5.910121276974678040e-02,-3.294831886887550354e-02,8.610052987933158875e-03,3.295632079243659973e-02,4.236664995551109314e-02,4.715272411704063416e-02,4.937138780951499939e-02,4.952114447951316833e-02,4.408242553472518921e-02,4.408242553472518921e-02,4.408242553472518921e-02,4.408242553472518921e-02,4.408242553472518921e-02
-1.496882084757089615e-02,-1.496882084757089615e-02,-1.496882084757089615e-02,-1.496882084757089615e-02,-1.496882084757089615e-02,-4.429379105567932129e-02,-6.602245569229125977e-02,-7.941845059394836426e-02,-7.687311619520187378e-02,-6.513716280460357666e-02,-4.754947870969772339e-02,-1.922450959682464600e-02,1.955913566052913666e-02,3.706708177924156189e-02,4.254364222288131714e-02,4.530995711684226990e-02,4.547483474016189575e-02,4.526782035827636719e-02,4.214211925864219666e-02,4.214211925864219666e-02,4.214211925864219666e-02,4.214211925864219666e-02,4.214211925864219666e-02
0.000000000000000000e+00,0.000000000000000000e+00,0.000000000000000000e+00,0.000000000000000000e+00,0.000000000000000000e+00,0.000000000000000000e+00,0.000000000000000000e+00,0.000000000000000000e+00,0.000000000000000000e+00,0.000000000000000000e+00,0.000000000000000000e+00,0.000000000000000000e+00,0.000000000000000000e+00,0.000000000000000000e+00,0.000000000000000000e+00,0.000000000000000000e+00,0.000000000000000000e+00,0.000000000000000000e+00,0.000000000000000000e+00,0.000000000000000000e+00,0.000000000000000000e+00,0.000000000000000000e+00,0.000000000000000000e+00
1.613636501133441925e-02,1.613636501133441925e-02,1.613636501133441925e-02,1.613636501133441925e-02,1.613636501133441925e-02,2.996592782437801361e-02,3.226928785443305969e-02,2.304644137620925903e-02,2.297392114996910095e-03,-1.539872959256172180e-02,-2.194516919553279877e-02,-1.321166940033435822e-02,1.387778780781445676e-17,1.387778780781445676e-17,1.387778780781445676e-17,1.387778780781445676e-17,1.387778780781445676e-17,1.387778780781445676e-17,1.387778780781445676e-17,-3.743857833595425717e-17,-3.743857833595425717e-17,-3.743857833595425717e-17,-3.743857833595425717e-17
-1.390810776501893997e-02,-1.390810776501893997e-02,-1.390810776501893997e-02,-1.390810776501893997e-02,-1.390810776501893997e-02,-2.993254736065864563e-02,-3.514973074197769165e-02,-1.755530945956707001e-02,7.972810417413711548e-03,3.002816252410411835e-02,4.847377911210060120e-02,5.296841636300086975e-02,3.376979380846023560e-02,1.280938368290662766e-02,2.936676843091845512e-03,2.543288515880703926e-03,1.125033828429877758e-03,-6.053884513676166534e-03,-1.225113868713378906e-02,-1.225113868713378906e-02,-1.225113868713378906e-02,-1.225113868713378906e-02,-1.225113868713378906e-02
-2.725043706595897675e-02,-2.725043706595897675e-02,-2.725043706595897675e-02,-2.725043706595897675e-02,-2.725043706595897675e-02,-5.069656297564506531e-02,-5.023824423551559448e-02,-2.704341337084770203e-02,4.361215978860855103e-03,3.007366880774497986e-02,4.899520054459571838e-02,5.363726988434791565e-02,3.281878679990768433e-02,2.326862700283527374e-02,1.823732815682888031e-02,7.643691264092922211e-03,-5.828188266605138779e-03,-1.750327646732330322e-02,-1.972165703773498535e-02,-1.972165703773498535e-02,-1.972165703773498535e-02,-1.972165703773498535e-02,-1.972165703773498535e-02
-3.259291499853134155e-02,-3.259291499853134155e-02,-3.259291499853134155e-02,-3.259291499853134155e-02,-3.259291499853134155e-02,-5.133691802620887756e-02,-4.541455954313278198e-02,-1.725894212722778320e-02,1.623027771711349487e-02,4.128138348460197449e-02,5.348656699061393738e-02,4.782907292246818542e-02,1.958268508315086365e-02,1.061573252081871033e-02,8.775178343057632446e-03,7.740058936178684235e-03,3.056621411815285683e-03,-7.424301002174615860e-03,-1.460921391844749451e-02,-1.460921391844749451e-02,-1.460921391844749451e-02,-1.460921391844749451e-02,-1.460921391844749451e-02
-2.749149873852729797e-02,-2.749149873852729797e-02,-2.749149873852729797e-02,-2.749149873852729797e-02,-2.749149873852729797e-02,-3.978826478123664856e-02,-2.803510241210460663e-02,-2.119307639077305794e-03,1.936580985784530640e-02,3.327390924096107483e-02,3.959261626005172729e-02,3.022723644971847534e-02,4.164066631346940994e-03,2.733499277383089066e-03,1.102554704993963242e-02,1.349483989179134369e-02,8.541881106793880463e-03,-1.585367717780172825e-03,-1.052370108664035797e-02,-1.052370108664035797e-02,-1.052370108664035797e-02,-1.052370108664035797e-02,-1.052370108664035797e-02
-2.222633361816406250e-02,-2.222633361816406250e-02,-2.222633361816406250e-02,-2.222633361816406250e-02,-2.222633361816406250e-02,-2.699064277112483978e-02,-1.576426252722740173e-02,6.258734036237001419e-03,2.426077052950859070e-02,3.020536899566650391e-02,2.916836552321910858e-02,1.975763589143753052e-02,2.777070039883255959e-03,7.313850801438093185e-03,1.497841440141201019e-02,1.613286882638931274e-02,7.156071253120899200e-03,-7.225200999528169632e-03,-1.622614823281764984e-02,-1.622614823281764984e-02,-1.622614823281764984e-02,-1.622614823281764984e-02,-1.622614823281764984e-02
-1.738998852670192719e-02,-1.738998852670192719e-02,-1.738998852670192719e-02,-1.738998852670192719e-02,-1.738998852670192719e-02,-2.731632441282272339e-02,-2.116458490490913391e-02,-3.546466119587421417e-03,1.261457707732915878e-02,2.390090562403202057e-02,3.288224339485168457e-02,3.176770731806755066e-02,1.457181107252836227e-02,1.198819838464260101e-02,1.441468112170696259e-02,1.287216506898403168e-02,6.431808695197105408e-03,-4.673764109611511230e-03,-1.210349798202514648e-02,-1.210349798202514648e-02,-1.210349798202514648e-02,-1.210349798202514648e-02,-1.210349798202514648e-02
-2.187319099903106689e-02,-2.187319099903106689e-02,-2.187319099903106689e-02,-2.187319099903106689e-02,-2.187319099903106689e-02,-3.821749612689018250e-02,-3.593654185533523560e-02,-1.455726288259029388e-02,1.042487565428018570e-02,3.065500408411026001e-02,4.174939915537834167e-02,4.218935221433639526e-02,2.395703829824924469e-02,1.208771113306283951e-02,7.030820008367300034e-03,2.776773413643240929e-03,-2.744608325883746147e-03,-1.008903980255126953e-02,-1.255671773105859756e-02,-1.255671773105859756e-02,-1.255671773105859756e-02,-1.255671773105859756e-02,-1.255671773105859756e-02
-2.350206114351749420e-02,-2.350206114351749420e-02,-2.350206114351749420e-02,-2.350206114351749420e-02,-2.350206114351749420e-02,-3.667772933840751648e-02,-3.017381578683853149e-02,-7.366477511823177338e-03,1.542554795742034912e-02,2.883574739098548889e-02,3.497725725173950195e-02,3.126765042543411255e-02,1.139818690717220306e-02,5.351573694497346878e-03,1.038875523954629898e-02,1.192764379084110260e-02,8.425625041127204895e-03,-5.549571360461413860e-04,-7.567805238068103790e-03,-7.567805238068103790e-03,-7.567805238068103790e-03,-7.567805238068103790e-03,-7.567805238068103790e-03
-1.905004680156707764e-02,-1.905004680156707764e-02,-1.905004680156707764e-02,-1.905004680156707764e-02,-1.905004680156707764e-02,-2.708236873149871826e-02,-2.111317962408065796e-02,-5.249693989753723145e-03,1.002972759306430817e-02,1.954746991395950317e-02,2.594554051756858826e-02,2.425370737910270691e-02,1.096719224005937576e-02,1.275132317095994949e-02,1.887042820453643799e-02,1.815799996256828308e-02,1.166297122836112976e-02,-1.242558355443179607e-03,-1.215355843305587769e-02,-1.215355843305587769e-02,-1.215355843305587769e-02,-1.215355843305587769e-02,-1.215355843305587769e-02
-1.971319131553173065e-02,-1.971319131553173065e-02,-1.971319131553173065e-02,-1.971319131553173065e-02,-1.971319131553173065e-02,-3.996282443404197693e-02,-3.887139633297920227e-02,-1.997584477066993713e-02,2.965689869597554207e-03,2.299266122281551361e-02,3.659351915121078491e-02,3.776434063911437988e-02,2.176848985254764557e-02,1.349245384335517883e-02,1.313351280987262726e-02,8.023803122341632843e-03,6.898855208419263363e-04,-8.350561372935771942e-03,-1.358768995851278305e-02,-1.358768995851278305e-02,-1.358768995851278305e-02,-1.358768995851278305e-02,-1.358768995851278305e-02
-2.471966110169887543e-02,-2.471966110169887543e-02,-2.471966110169887543e-02,-2.471966110169887543e-02,-2.471966110169887543e-02,-4.004792496562004089e-02,-3.445146232843399048e-02,-1.420294772833585739e-02,9.453099220991134644e-03,2.971388213336467743e-02,4.156339541077613831e-02,3.863579034805297852e-02,1.622195541858673096e-02,6.963705644011497498e-03,5.415244959294795990e-03,2.949609654024243355e-03,1.219631521962583065e-03,-3.140559419989585876e-03,-7.582033518701791763e-03,-7.582033518701791763e-03,-7.582033518701791763e-03,-7.582033518701791763e-03,-7.582033518701791763e-03
