0.000000000000000000e+00,0.000000000000000000e+00,0.000000000000000000e+00,0.000000000000000000e+00,0.000000000000000000e+00,0.000000000000000000e+00,0.000000000000000000e+00,0.000000000000000000e+00,0.000000000000000000e+00,0.000000000000000000e+00,0.000000000000000000e+00,0.000000000000000000e+00,0.000000000000000000e+00,0.000000000000000000e+00,0.000000000000000000e+00
1.000000000000000000e+00,9.858377575874328613e-01,1.000000000000000000e+00,1.000000000000000000e+00,1.000000000000000000e+00,1.000000000000000000e+00,1.000000000000000000e+00,1.000000000000000000e+00,1.000000000000000000e+00,1.000000000000000000e+00,1.000000000000000000e+00,1.000000000000000000e+00,1.000000000000000000e+00,1.000000000000000000e+00,1.000000000000000000e+00
9.620966315269470215e-01,9.365251660346984863e-01,8.642191886901855469e-01,5.598305463790893555e-01,3.525080978870391846e-01,3.463023900985717773e-01,4.348960220813751221e-01,5.046387910842895508e-01,5.181343555450439453e-01,5.279787182807922363e-01,6.056645512580871582e-01,7.259772419929504395e-01,8.001680374145507812e-01,8.435865044593811035e-01,8.884595632553100586e-01
9.434882998466491699e-01,9.443131685256958008e-01,8.414247632026672363e-01,5.005456805229187012e-01,3.286939859390258789e-01,2.766770422458648682e-01,3.115833997726440430e-01,3.787241876125335693e-01,4.227891266345977783e-01,4.739381670951843262e-01,5.858173966407775879e-01,7.158667445182800293e-01,7.728636264801025391e-01,8.234107494354248047e-01,8.795463442802429199e-01
9.768081307411193848e-01,1.000000000000000000e+00,8.930175304412841797e-01,5.956979393959045410e-01,4.514976739883422852e-01,4.557971358299255371e-01,4.701002836227416992e-01,4.737809300422668457e-01,5.231195688247680664e-01,5.672466754913330078e-01,6.882874965667724609e-01,8.080618977546691895e-01,8.639646768569946289e-01,8.937122821807861328e-01,8.999322652816772461e-01
9.462900161743164062e-01,9.437388181686401367e-01,8.412993550300598145e-01,6.014993786811828613e-01,4.803290367126464844e-01,4.934591352939605713e-01,5.786759853363037109e-01,6.411071419715881348e-01,6.730205416679382324e-01,6.719461083412170410e-01,7.126892805099487305e-01,7.392693161964416504e-01,7.677194476127624512e-01,8.350399136543273926e-01,8.839805722236633301e-01
9.439013600349426270e-01,9.514443278312683105e-01,8.574676513671875000e-01,5.419040322303771973e-01,3.715170025825500488e-01,3.755981028079986572e-01,4.534172713756561279e-01,5.036239027976989746e-01,4.985185861587524414e-01,5.147486925125122070e-01,5.714914202690124512e-01,6.195263862609863281e-01,6.792898774147033691e-01,7.675420641899108887e-01,8.422924876213073730e-01
9.307674169540405273e-01,9.272339940071105957e-01,8.538820743560791016e-01,5.981377363204956055e-01,4.954758882522583008e-01,5.110051035881042480e-01,5.564032793045043945e-01,5.905891656875610352e-01,6.077479720115661621e-01,6.216533184051513672e-01,7.032448053359985352e-01,7.416558861732482910e-01,7.610503435134887695e-01,8.027814030647277832e-01,8.630493283271789551e-01
9.321181178092956543e-01,9.221745133399963379e-01,8.642609119415283203e-01,5.912953615188598633e-01,4.488029778003692627e-01,4.776642024517059326e-01,5.384445190429687500e-01,5.691262483596801758e-01,6.275328397750854492e-01,6.797395348548889160e-01,7.563092112541198730e-01,8.056260943412780762e-01,8.130456209182739258e-01,8.419508934020996094e-01,8.843965530395507812e-01
9.277902245521545410e-01,9.391495585441589355e-01,8.863740563392639160e-01,6.328506469726562500e-01,5.245519280433654785e-01,5.042743086814880371e-01,5.392754077911376953e-01,5.736848711967468262e-01,5.794667601585388184e-01,5.908010601997375488e-01,6.571348309516906738e-01,7.102318406105041504e-01,7.389765381813049316e-01,8.146521449089050293e-01,8.749327063560485840e-01
9.259935617446899414e-01,9.357748627662658691e-01,8.727487921714782715e-01,5.670851469039916992e-01,4.257216155529022217e-01,4.582571983337402344e-01,5.214096903800964355e-01,5.802516341209411621e-01,6.209650635719299316e-01,6.423267722129821777e-01,7.014883756637573242e-01,7.722358107566833496e-01,8.059847950935363770e-01,8.358978033065795898e-01,8.655586838722229004e-01
9.293754696846008301e-01,9.263273477554321289e-01,8.632605075836181641e-01,5.905123949050903320e-01,4.482087492942810059e-01,4.468998610973358154e-01,4.864972829818725586e-01,5.068551301956176758e-01,5.260147452354431152e-01,5.541517734527587891e-01,6.393191814422607422e-01,7.032600045204162598e-01,7.372467517852783203e-01,7.938762903213500977e-01,8.553752303123474121e-01
9.172835946083068848e-01,9.003061056137084961e-01,8.148090839385986328e-01,5.602396726608276367e-01,4.299477934837341309e-01,4.400890171527862549e-01,5.099476575851440430e-01,5.639946460723876953e-01,5.803741216659545898e-01,5.868596434593200684e-01,6.578772664070129395e-01,7.408713698387145996e-01,7.856580018997192383e-01,8.270717263221740723e-01,8.619728684425354004e-01
0.000000000000000000e+00,0.000000000000000000e+00,0.000000000000000000e+00,0.000000000000000000e+00,-0.000000000000000000e+00,-0.000000000000000000e+00,-0.000000000000000000e+00,-0.000000000000000000e+00,-0.000000000000000000e+00,-0.000000000000000000e+00,-0.000000000000000000e+00,0.000000000000000000e+00,0.000000000000000000e+00,0.000000000000000000e+00,0.000000000000000000e+00
7.081121439114212990e-04,7.081121439114212990e-04,7.081121439114212990e-04,7.081121439114212990e-04,7.081121439114212990e-04,9.441495058126747608e-04,-3.469446951953614189e-18,-3.469446951953614189e-18,-3.469446951953614189e-18,-3.469446951953614189e-18,-3.469446951953614189e-18,-3.109246522005967991e-17,-3.109246522005967991e-17,-3.109246522005967991e-17,-3.109246522005967991e-17
-6.906137615442276001e-02,-6.906137615442276001e-02,-6.906137615442276001e-02,-6.906137615442276001e-02,-6.906137615442276001e-02,-4.500726610422134399e-02,-1.066975202411413193e-02,3.117745183408260345e-02,5.490902066230773926e-02,6.025265902280807495e-02,5.988605320453643799e-02,5.988605320453643799e-02,5.988605320453643799e-02,5.988605320453643799e-02,5.988605320453643799e-02
-8.438525348901748657e-02,-8.438525348901748657e-02,-8.438525348901748657e-02,-8.438525348901748657e-02,-8.438525348901748657e-02,-5.663600936532020569e-02,-1.353357639163732529e-02,3.563970699906349182e-02,6.229882687330245972e-02,7.346814870834350586e-02,7.579981535673141479e-02,7.579981535673141479e-02,7.579981535673141479e-02,7.579981535673141479e-02,7.579981535673141479e-02
-7.298577576875686646e-02,-7.298577576875686646e-02,-7.298577576875686646e-02,-7.298577576875686646e-02,-7.298577576875686646e-02,-5.109897628426551819e-02,-1.238410547375679016e-02,3.059572726488113403e-02,5.394170805811882019e-02,6.278306245803833008e-02,6.502712517976760864e-02,6.502712517976760864e-02,6.502712517976760864e-02,6.502712517976760864e-02,6.502712517976760864e-02
-4.390433058142662048e-02,-4.390433058142662048e-02,-4.390433058142662048e-02,-4.390433058142662048e-02,-4.390433058142662048e-02,-2.357408031821250916e-02,3.832181682810187340e-03,2.832465060055255890e-02,3.643096238374710083e-02,3.615744411945343018e-02,3.432895988225936890e-02,3.432895988225936890e-02,3.432895988225936890e-02,3.432895988225936890e-02,3.432895988225936890e-02
-6.832331418991088867e-02,-6.832331418991088867e-02,-6.832331418991088867e-02,-6.832331418991088867e-02,-6.832331418991088867e-02,-4.697149619460105896e-02,-1.405570004135370255e-02,2.056358568370342255e-02,3.683582320809364319e-02,4.250285774469375610e-02,4.689292609691619873e-02,4.689292609691619873e-02,4.689292609691619873e-02,4.689292609691619873e-02,4.689292609691619873e-02
-4.973504319787025452e-02,-4.973504319787025452e-02,-4.973504319787025452e-02,-4.973504319787025452e-02,-4.973504319787025452e-02,-3.191491216421127319e-02,-3.797901561483740807e-03,2.450034208595752716e-02,3.464995697140693665e-02,3.631127625703811646e-02,3.816280514001846313e-02,3.816280514001846313e-02,3.816280514001846313e-02,3.816280514001846313e-02,3.816280514001846313e-02
-5.071249604225158691e-02,-5.071249604225158691e-02,-5.071249604225158691e-02,-5.071249604225158691e-02,-5.071249604225158691e-02,-2.724367938935756683e-02,4.707457963377237320e-03,3.788467869162559509e-02,4.978664964437484741e-02,4.804543405771255493e-02,4.498656839132308960e-02,4.498656839132308960e-02,4.498656839132308960e-02,4.498656839132308960e-02,4.498656839132308960e-02
-5.520769208669662476e-02,-5.520769208669662476e-02,-5.520769208669662476e-02,-5.520769208669662476e-02,-5.520769208669662476e-02,-4.029539972543716431e-02,-1.439775712788105011e-02,1.534197200089693069e-02,2.880676835775375366e-02,3.652294725179672241e-02,4.173302277922630310e-02,4.173302277922630310e-02,4.173302277922630310e-02,4.173302277922630310e-02,4.173302277922630310e-02
-5.163649842143058777e-02,-5.163649842143058777e-02,-5.163649842143058777e-02,-5.163649842143058777e-02,-5.163649842143058777e-02,-3.011870756745338440e-02,8.860757225193083286e-04,3.525995835661888123e-02,4.808701947331428528e-02,4.714632406830787659e-02,4.405805096030235291e-02,4.405805096030235291e-02,4.405805096030235291e-02,4.405805096030235291e-02,4.405805096030235291e-02
-6.281664222478866577e-02,-6.281664222478866577e-02,-6.281664222478866577e-02,-6.281664222478866577e-02,-6.281664222478866577e-02,-4.382442682981491089e-02,-1.315466500818729401e-02,2.130571752786636353e-02,3.796954825520515442e-02,4.410447180271148682e-02,4.846912622451782227e-02,4.846912622451782227e-02,4.846912622451782227e-02,4.846912622451782227e-02,4.846912622451782227e-02
-5.144076421856880188e-02,-5.144076421856880188e-02,-5.144076421856880188e-02,-5.144076421856880188e-02,-5.144076421856880188e-02,-3.115968219935894012e-02,-2.051817951723933220e-03,2.950471453368663788e-02,4.406520351767539978e-02,4.677197337150573730e-02,4.603185877203941345e-02,4.603185877203941345e-02,4.603185877203941345e-02,4.603185877203941345e-02,4.603185877203941345e-02
0.000000000000000000e+00,0.000000000000000000e+00,0.000000000000000000e+00,0.000000000000000000e+00,0.000000000000000000e+00,0.000000000000000000e+00,0.000000000000000000e+00,0.000000000000000000e+00,0.000000000000000000e+00,0.000000000000000000e+00,0.000000000000000000e+00,0.000000000000000000e+00,0.000000000000000000e+00,0.000000000000000000e+00,0.000000000000000000e+00
-2.145794278476387262e-04,-2.145794278476387262e-04,-2.145794278476387262e-04,-2.145794278476387262e-04,-2.145794278476387262e-04,-8.583177113905549049e-04,1.387778780781445676e-17,1.387778780781445676e-17,1.387778780781445676e-17,1.387778780781445676e-17,1.387778780781445676e-17,-3.743857833595425717e-17,-3.743857833595425717e-17,-3.743857833595425717e-17,-3.743857833595425717e-17
4.044863954186439514e-02,4.044863954186439514e-02,4.044863954186439514e-02,4.044863954186439514e-02,4.044863954186439514e-02,4.730500280857086182e-02,4.035140573978424072e-02,2.039239369332790375e-02,7.660649251192808151e-03,5.310072563588619232e-03,5.442796275019645691e-03,5.442796275019645691e-03,5.442796275019645691e-03,5.442796275019645691e-03,5.442796275019645691e-03
4.005692154169082642e-02,4.005692154169082642e-02,4.005692154169082642e-02,4.005692154169082642e-02,4.005692154169082642e-02,5.434658005833625793e-02,5.064678192138671875e-02,3.116318024694919586e-02,1.658262126147747040e-02,6.519016344100236893e-03,5.591427325271070004e-04,5.591427325271070004e-04,5.591427325271070004e-04,5.591427325271070004e-04,5.591427325271070004e-04
3.139422088861465454e-02,3.139422088861465454e-02,3.139422088861465454e-02,3.139422088861465454e-02,3.139422088861465454e-02,4.427906498312950134e-02,4.202463850378990173e-02,2.757373452186584473e-02,1.786362752318382263e-02,1.067342422902584076e-02,-6.694930489175021648e-04,-6.694930489175021648e-04,-6.694930489175021648e-04,-6.694930489175021648e-04,-6.694930489175021648e-04
3.648038953542709351e-02,3.648038953542709351e-02,3.648038953542709351e-02,3.648038953542709351e-02,3.648038953542709351e-02,3.901796042919158936e-02,2.670531906187534332e-02,5.342913325875997543e-03,-5.495198071002960205e-03,-3.065496450290083885e-03,3.283647820353507996e-03,3.283647820353507996e-03,3.283647820353507996e-03,3.283647820353507996e-03,3.283647820353507996e-03
3.692268580198287964e-02,3.692268580198287964e-02,3.692268580198287964e-02,3.692268580198287964e-02,3.692268580198287964e-02,4.468666762113571167e-02,3.556714206933975220e-02,1.243062503635883331e-02,1.962096663191914558e-03,5.338806193321943283e-03,1.091571990400552750e-02,1.091571990400552750e-02,1.091571990400552750e-02,1.091571990400552750e-02,1.091571990400552750e-02
2.955836430191993713e-02,2.955836430191993713e-02,2.955836430191993713e-02,2.955836430191993713e-02,2.955836430191993713e-02,3.460690751671791077e-02,2.912798896431922913e-02,1.134555041790008545e-02,2.404967788606882095e-03,1.364271738566458225e-03,2.828415250405669212e-03,2.828415250405669212e-03,2.828415250405669212e-03,2.828415250405669212e-03,2.828415250405669212e-03
3.406778350472450256e-02,3.406778350472450256e-02,3.406778350472450256e-02,3.406778350472450256e-02,3.406778350472450256e-02,4.258936271071434021e-02,3.700907528400421143e-02,1.533813029527664185e-02,3.796274540945887566e-04,-3.697988344356417656e-03,-4.729302134364843369e-03,-4.729302134364843369e-03,-4.729302134364843369e-03,-4.729302134364843369e-03,-4.729302134364843369e-03
2.503393590450286865e-02,2.503393590450286865e-02,2.503393590450286865e-02,2.503393590450286865e-02,2.503393590450286865e-02,3.306638076901435852e-02,2.995854429900646210e-02,1.434025913476943970e-02,6.327840033918619156e-03,5.991606973111629486e-03,7.593904621899127960e-03,7.593904621899127960e-03,7.593904621899127960e-03,7.593904621899127960e-03,7.593904621899127960e-03
3.642534092068672180e-02,3.642534092068672180e-02,3.642534092068672180e-02,3.642534092068672180e-02,3.642534092068672180e-02,4.371812194585800171e-02,3.482291474938392639e-02,1.203762181103229523e-02,2.487269521225243807e-04,-1.342082279734313488e-03,-1.612055697478353977e-03,-1.612055697478353977e-03,-1.612055697478353977e-03,-1.612055697478353977e-03,-1.612055697478353977e-03
2.897177077829837799e-02,2.897177077829837799e-02,2.897177077829837799e-02,2.897177077829837799e-02,2.897177077829837799e-02,3.803333640098571777e-02,3.538379073143005371e-02,1.835520006716251373e-02,7.965214550495147705e-03,5.916249472647905350e-03,5.214447155594825745e-03,5.214447155594825745e-03,5.214447155594825745e-03,5.214447155594825745e-03,5.214447155594825745e-03
3.459290787577629089e-02,3.459290787577629089e-02,3.459290787577629089e-02,3.459290787577629089e-02,3.459290787577629089e-02,3.816676512360572815e-02,3.011680208146572113e-02,1.301933359354734421e-02,3.872468136250972748e-03,2.864385023713111877e-03,3.233787370845675468e-03,3.233787370845675468e-03,3.233787370845675468e-03,3.233787370845675468e-03,3.233787370845675468e-03
