0.000000000000000000e+00,0.000000000000000000e+00,0.000000000000000000e+00,0.000000000000000000e+00,0.000000000000000000e+00,0.000000000000000000e+00,0.000000000000000000e+00,0.000000000000000000e+00,0.000000000000000000e+00,0.000000000000000000e+00,0.000000000000000000e+00,0.000000000000000000e+00,0.000000000000000000e+00,0.000000000000000000e+00
1.000000000000000000e+00,1.000000000000000000e+00,1.000000000000000000e+00,1.000000000000000000e+00,1.000000000000000000e+00,1.000000000000000000e+00,1.000000000000000000e+00,1.000000000000000000e+00,1.000000000000000000e+00,1.000000000000000000e+00,1.000000000000000000e+00,1.000000000000000000e+00,1.000000000000000000e+00,1.000000000000000000e+00
7.568135261535644531e-01,5.455266833305358887e-01,3.279958367347717285e-01,2.327170073986053467e-01,2.878896594047546387e-01,3.683266341686248779e-01,3.028459250926971436e-01,2.867829799652099609e-01,3.643653094768524170e-01,4.941849410533905029e-01,5.658231377601623535e-01,6.484120488166809082e-01,7.543445825576782227e-01,7.921299338340759277e-01
7.754680514335632324e-01,5.086907148361206055e-01,3.962871134281158447e-01,3.592868745326995850e-01,3.809831440448760986e-01,3.862635791301727295e-01,3.685959577560424805e-01,3.715142011642456055e-01,4.226636588573455811e-01,5.328465700149536133e-01,6.093214154243469238e-01,6.472944617271423340e-01,7.139590978622436523e-01,7.521395683288574219e-01
6.793941259384155273e-01,4.181607663631439209e-01,3.197976946830749512e-01,3.158134818077087402e-01,3.836878836154937744e-01,4.047485291957855225e-01,3.965173959732055664e-01,4.032101035118103027e-01,4.545067250728607178e-01,5.370059609413146973e-01,5.675054788589477539e-01,6.268570423126220703e-01,7.157623171806335449e-01,7.541341185569763184e-01
6.828304529190063477e-01,4.631272554397583008e-01,2.934707105159759521e-01,2.650263607501983643e-01,3.388552069664001465e-01,3.909182846546173096e-01,3.379429876804351807e-01,3.312782049179077148e-01,3.924968242645263672e-01,4.799024164676666260e-01,5.059083104133605957e-01,5.771563649177551270e-01,6.978470683097839355e-01,7.370415329933166504e-01
7.002964019775390625e-01,5.199217796325683594e-01,4.460644721984863281e-01,4.413633048534393311e-01,4.845304191112518311e-01,4.954443275928497314e-01,4.587509632110595703e-01,4.483724832534790039e-01,4.866686165332794189e-01,5.424125194549560547e-01,5.783803462982177734e-01,6.320299506187438965e-01,7.076228260993957520e-01,7.417445182800292969e-01
7.793721556663513184e-01,5.827517509460449219e-01,4.637017548084259033e-01,4.390381574630737305e-01,4.926356971263885498e-01,4.987776577472686768e-01,4.830162823200225830e-01,4.768480360507965088e-01,5.083690285682678223e-01,5.718757510185241699e-01,5.996605157852172852e-01,6.461230516433715820e-01,7.111363410949707031e-01,7.563050985336303711e-01
7.331559658050537109e-01,5.083686113357543945e-01,3.818741738796234131e-01,3.599228560924530029e-01,4.107381105422973633e-01,4.539214968681335449e-01,4.431622326374053955e-01,4.453934431076049805e-01,4.931951761245727539e-01,5.584350824356079102e-01,5.801949501037597656e-01,6.365395188331604004e-01,7.194829583168029785e-01,7.706818580627441406e-01
7.322357892990112305e-01,5.273073315620422363e-01,4.270887970924377441e-01,4.096885025501251221e-01,4.467545449733734131e-01,4.765248298645019531e-01,4.593837857246398926e-01,4.592434465885162354e-01,5.178853869438171387e-01,5.916733741760253906e-01,6.321815848350524902e-01,6.743319034576416016e-01,7.315336465835571289e-01,7.717676162719726562e-01
7.705234289169311523e-01,5.722507238388061523e-01,4.522265493869781494e-01,4.238835573196411133e-01,4.681296646595001221e-01,4.909794628620147705e-01,4.621225595474243164e-01,4.573265612125396729e-01,5.055765509605407715e-01,5.916499495506286621e-01,6.380668878555297852e-01,6.758621335029602051e-01,7.213210463523864746e-01,7.614443898200988770e-01
7.299377322196960449e-01,5.406748056411743164e-01,4.366931021213531494e-01,4.191115200519561768e-01,4.543817639350891113e-01,4.829083979129791260e-01,4.574131965637207031e-01,4.584608674049377441e-01,5.025927424430847168e-01,5.619717240333557129e-01,5.982497930526733398e-01,6.496608853340148926e-01,7.119250893592834473e-01,7.531616091728210449e-01
7.437357306480407715e-01,5.677542090415954590e-01,4.559860527515411377e-01,4.182299077510833740e-01,4.457115232944488525e-01,4.603000879287719727e-01,4.369759261608123779e-01,4.348953664302825928e-01,4.868797361850738525e-01,5.564132332801818848e-01,6.064705848693847656e-01,6.491861343383789062e-01,7.068557143211364746e-01,7.372847795486450195e-01
0.000000000000000000e+00,0.000000000000000000e+00,0.000000000000000000e+00,0.000000000000000000e+00,-0.000000000000000000e+00,-0.000000000000000000e+00,-0.000000000000000000e+00,-0.000000000000000000e+00,-0.000000000000000000e+00,-0.000000000000000000e+00,0.000000000000000000e+00,0.000000000000000000e+00,0.000000000000000000e+00,0.000000000000000000e+00
-3.109246522005967991e-17,-3.109246522005967991e-17,-3.109246522005967991e-17,-3.109246522005967991e-17,-3.469446951953614189e-18,-3.469446951953614189e-18,-3.469446951953614189e-18,-3.469446951953614189e-18,-3.469446951953614189e-18,-3.469446951953614189e-18,-3.109246522005967991e-17,-3.109246522005967991e-17,-3.109246522005967991e-17,-3.109246522005967991e-17
-3.767856955528259277e-02,-3.767856955528259277e-02,-3.767856955528259277e-02,-3.767856955528259277e-02,-3.767856955528259277e-02,4.471610009204596281e-04,3.011867776513099670e-02,4.683027788996696472e-02,5.732387304306030273e-02,6.624042242765426636e-02,6.624042242765426636e-02,6.624042242765426636e-02,6.624042242765426636e-02,6.624042242765426636e-02
-3.085254505276679993e-02,-3.085254505276679993e-02,-3.085254505276679993e-02,-3.085254505276679993e-02,-3.085254505276679993e-02,3.130342112854123116e-03,2.402379922568798065e-02,3.640464693307876587e-02,4.596299678087234497e-02,5.396352708339691162e-02,5.396352708339691162e-02,5.396352708339691162e-02,5.396352708339691162e-02,5.396352708339691162e-02
-1.170045230537652969e-02,-1.170045230537652969e-02,-1.170045230537652969e-02,-1.170045230537652969e-02,-1.170045230537652969e-02,1.778551004827022552e-02,2.990846335887908936e-02,3.530218824744224548e-02,4.117325320839881897e-02,4.859282821416854858e-02,4.859282821416854858e-02,4.859282821416854858e-02,4.859282821416854858e-02,4.859282821416854858e-02
-2.236741967499256134e-02,-2.236741967499256134e-02,-2.236741967499256134e-02,-2.236741967499256134e-02,-2.236741967499256134e-02,8.262841030955314636e-03,2.570036239922046661e-02,3.303669020533561707e-02,4.132061079144477844e-02,5.115621909499168396e-02,5.115621909499168396e-02,5.115621909499168396e-02,5.115621909499168396e-02,5.115621909499168396e-02
-1.649508439004421234e-02,-1.649508439004421234e-02,-1.649508439004421234e-02,-1.649508439004421234e-02,-1.649508439004421234e-02,3.333571599796414375e-03,1.316026132553815842e-02,1.943450607359409332e-02,2.725708857178688049e-02,3.651405125856399536e-02,3.651405125856399536e-02,3.651405125856399536e-02,3.651405125856399536e-02,3.651405125856399536e-02
-2.172258496284484863e-02,-2.172258496284484863e-02,-2.172258496284484863e-02,-2.172258496284484863e-02,-2.172258496284484863e-02,2.608302747830748558e-03,1.586474850773811340e-02,2.201605029404163361e-02,2.740591578185558319e-02,3.573852404952049255e-02,3.573852404952049255e-02,3.573852404952049255e-02,3.573852404952049255e-02,3.573852404952049255e-02
-1.553656533360481262e-02,-1.553656533360481262e-02,-1.553656533360481262e-02,-1.553656533360481262e-02,-1.553656533360481262e-02,1.229323633015155792e-02,2.575343102216720581e-02,3.123162128031253815e-02,3.616567701101303101e-02,4.275492578744888306e-02,4.275492578744888306e-02,4.275492578744888306e-02,4.275492578744888306e-02,4.275492578744888306e-02
-1.550278253853321075e-02,-1.550278253853321075e-02,-1.550278253853321075e-02,-1.550278253853321075e-02,-1.550278253853321075e-02,1.069321762770414352e-02,2.485510148108005524e-02,3.172755613923072815e-02,3.684271872043609619e-02,4.236489906907081604e-02,4.236489906907081604e-02,4.236489906907081604e-02,4.236489906907081604e-02,4.236489906907081604e-02
-2.196120098233222961e-02,-2.196120098233222961e-02,-2.196120098233222961e-02,-2.196120098233222961e-02,-2.196120098233222961e-02,4.975430201739072800e-03,2.146502397954463959e-02,2.937534824013710022e-02,3.422709181904792786e-02,4.048361256718635559e-02,4.048361256718635559e-02,4.048361256718635559e-02,4.048361256718635559e-02,4.048361256718635559e-02
-1.751307770609855652e-02,-1.751307770609855652e-02,-1.751307770609855652e-02,-1.751307770609855652e-02,-1.751307770609855652e-02,6.076945457607507706e-03,1.911303028464317322e-02,2.595179527997970581e-02,3.192691504955291748e-02,3.871009498834609985e-02,3.871009498834609985e-02,3.871009498834609985e-02,3.871009498834609985e-02,3.871009498834609985e-02
-2.369917556643486023e-02,-2.369917556643486023e-02,-2.369917556643486023e-02,-2.369917556643486023e-02,-2.369917556643486023e-02,1.198541140183806419e-03,1.789033040404319763e-02,2.747053653001785278e-02,3.452903404831886292e-02,4.109584167599678040e-02,4.109584167599678040e-02,4.109584167599678040e-02,4.109584167599678040e-02,4.109584167599678040e-02
0.000000000000000000e+00,0.000000000000000000e+00,0.000000000000000000e+00,0.000000000000000000e+00,0.000000000000000000e+00,0.000000000000000000e+00,0.000000000000000000e+00,0.000000000000000000e+00,0.000000000000000000e+00,0.000000000000000000e+00,0.000000000000000000e+00,0.000000000000000000e+00,0.000000000000000000e+00,0.000000000000000000e+00
-3.743857833595425717e-17,-3.743857833595425717e-17,-3.743857833595425717e-17,-3.743857833595425717e-17,1.387778780781445676e-17,1.387778780781445676e-17,1.387778780781445676e-17,1.387778780781445676e-17,1.387778780781445676e-17,1.387778780781445676e-17,-3.743857833595425717e-17,-3.743857833595425717e-17,-3.743857833595425717e-17,-3.743857833595425717e-17
3.505823761224746704e-02,3.505823761224746704e-02,3.505823761224746704e-02,3.505823761224746704e-02,3.505823761224746704e-02,2.682557515799999237e-02,1.667407713830471039e-02,1.443562749773263931e-02,1.901865005493164062e-02,1.453388482332229614e-02,1.453388482332229614e-02,1.453388482332229614e-02,1.453388482332229614e-02,1.453388482332229614e-02
2.877930179238319397e-02,2.877930179238319397e-02,2.877930179238319397e-02,2.877930179238319397e-02,2.877930179238319397e-02,1.857397146522998810e-02,1.670704968273639679e-02,1.489573717117309570e-02,1.351199951022863388e-02,6.714343093335628510e-03,6.714343093335628510e-03,6.714343093335628510e-03,6.714343093335628510e-03,6.714343093335628510e-03
2.563850022852420807e-02,2.563850022852420807e-02,2.563850022852420807e-02,2.563850022852420807e-02,2.563850022852420807e-02,1.093971915543079376e-02,5.287929438054561615e-03,6.466407328844070435e-03,1.129838544875383377e-02,8.397853001952171326e-03,8.397853001952171326e-03,8.397853001952171326e-03,8.397853001952171326e-03,8.397853001952171326e-03
2.746867761015892029e-02,2.746867761015892029e-02,2.746867761015892029e-02,2.746867761015892029e-02,2.746867761015892029e-02,1.539444178342819214e-02,5.866012535989284515e-03,7.542974781244993210e-03,1.604625210165977478e-02,1.449132710695266724e-02,1.449132710695266724e-02,1.449132710695266724e-02,1.449132710695266724e-02,1.449132710695266724e-02
1.549397967755794525e-02,1.549397967755794525e-02,1.549397967755794525e-02,1.549397967755794525e-02,1.549397967755794525e-02,6.952241528779268265e-03,5.587420891970396042e-03,8.989067748188972473e-03,1.385030988603830338e-02,1.127403043210506439e-02,1.127403043210506439e-02,1.127403043210506439e-02,1.127403043210506439e-02,1.127403043210506439e-02
2.187148109078407288e-02,2.187148109078407288e-02,2.187148109078407288e-02,2.187148109078407288e-02,2.187148109078407288e-02,1.135354768484830856e-02,5.620217882096767426e-03,6.655517499893903732e-03,1.095849089324474335e-02,9.185280650854110718e-03,9.185280650854110718e-03,9.185280650854110718e-03,9.185280650854110718e-03,9.185280650854110718e-03
2.676138281822204590e-02,2.676138281822204590e-02,2.676138281822204590e-02,2.676138281822204590e-02,2.676138281822204590e-02,1.289766840636730194e-02,4.293021745979785919e-03,4.140001256018877029e-03,9.012058377265930176e-03,9.427733719348907471e-03,9.427733719348907471e-03,9.427733719348907471e-03,9.427733719348907471e-03,9.427733719348907471e-03
2.341287955641746521e-02,2.341287955641746521e-02,2.341287955641746521e-02,2.341287955641746521e-02,2.341287955641746521e-02,1.311682909727096558e-02,8.346857503056526184e-03,7.707995362579822540e-03,8.857683278620243073e-03,6.137233227491378784e-03,6.137233227491378784e-03,6.137233227491378784e-03,6.137233227491378784e-03,6.137233227491378784e-03
2.317701838910579681e-02,2.317701838910579681e-02,2.317701838910579681e-02,2.317701838910579681e-02,2.317701838910579681e-02,1.430797111243009567e-02,9.704864583909511566e-03,9.259315207600593567e-03,1.023130677640438080e-02,6.518454756587743759e-03,6.518454756587743759e-03,6.518454756587743759e-03,6.518454756587743759e-03,6.518454756587743759e-03
2.149346098303794861e-02,2.149346098303794861e-02,2.149346098303794861e-02,2.149346098303794861e-02,2.149346098303794861e-02,1.140658557415008545e-02,6.577156484127044678e-03,7.458201143890619278e-03,1.025987882167100906e-02,8.607352152466773987e-03,8.607352152466773987e-03,8.607352152466773987e-03,8.607352152466773987e-03,8.607352152466773987e-03
2.269013784825801849e-02,2.269013784825801849e-02,2.269013784825801849e-02,2.269013784825801849e-02,2.269013784825801849e-02,1.523822173476219177e-02,1.115306559950113297e-02,1.020728051662445068e-02,1.104085147380828857e-02,6.821051239967346191e-03,6.821051239967346191e-03,6.821051239967346191e-03,6.821051239967346191e-03,6.821051239967346191e-03
