0.000000000000000000e+00,0.000000000000000000e+00,0.000000000000000000e+00,4.358337819576263428e-02,1.271367222070693970e-01,1.505928635597229004e-01,1.138024255633354187e-01,0.000000000000000000e+00,0.000000000000000000e+00,0.000000000000000000e+00,0.000000000000000000e+00,0.000000000000000000e+00,0.000000000000000000e+00,0.000000000000000000e+00,0.000000000000000000e+00,0.000000000000000000e+00,0.000000000000000000e+00,0.000000000000000000e+00,0.000000000000000000e+00,0.000000000000000000e+00,0.000000000000000000e+00,0.000000000000000000e+00
1.000000000000000000e+00,8.394135236740112305e-01,2.934533357620239258e-01,0.000000000000000000e+00,5.671418309211730957e-01,1.000000000000000000e+00,1.000000000000000000e+00,1.000000000000000000e+00,1.000000000000000000e+00,1.000000000000000000e+00,1.000000000000000000e+00,1.000000000000000000e+00,1.000000000000000000e+00,1.000000000000000000e+00,1.000000000000000000e+00,1.000000000000000000e+00,1.000000000000000000e+00,1.000000000000000000e+00,1.000000000000000000e+00,1.000000000000000000e+00,1.000000000000000000e+00,1.000000000000000000e+00
8.756566643714904785e-01,8.118261694908142090e-01,6.463877558708190918e-01,4.982963800430297852e-01,4.012396335601806641e-01,6.133640184998512268e-02,0.000000000000000000e+00,2.246298082172870636e-02,1.539825648069381714e-01,2.153132855892181396e-01,2.398056536912918091e-01,2.018101215362548828e-01,1.267153024673461914e-01,1.261721714399755001e-03,9.509986639022827148e-02,3.292733430862426758e-01,5.446641445159912109e-01,6.670625805854797363e-01,7.337976098060607910e-01,7.847082018852233887e-01,7.735437750816345215e-01,7.908602356910705566e-01
9.217378497123718262e-01,1.000000000000000000e+00,1.000000000000000000e+00,1.000000000000000000e+00,1.000000000000000000e+00,4.536946713924407959e-01,3.300302326679229736e-01,3.556394875049591064e-01,4.819554984569549561e-01,5.371136665344238281e-01,5.364789962768554688e-01,5.160322785377502441e-01,4.999609589576721191e-01,5.068617463111877441e-01,6.330450177192687988e-01,8.209593296051025391e-01,9.029473662376403809e-01,8.970650434494018555e-01,8.929287195205688477e-01,9.128723740577697754e-01,9.164401888847351074e-01,8.949872851371765137e-01
9.134827852249145508e-01,8.964596986770629883e-01,7.491333484649658203e-01,5.971795916557312012e-01,4.294940829277038574e-01,2.313962727785110474e-01,1.563021093606948853e-01,1.580982506275177002e-01,3.523775041103363037e-01,4.735879004001617432e-01,5.152594447135925293e-01,4.932122230529785156e-01,4.291931688785552979e-01,3.195306360721588135e-01,3.022648990154266357e-01,3.795525729656219482e-01,5.052880644798278809e-01,6.135255694389343262e-01,6.880888342857360840e-01,7.756919860839843750e-01,8.128224611282348633e-01,8.344278931617736816e-01
8.784140348434448242e-01,8.588154911994934082e-01,6.521462202072143555e-01,4.025683403015136719e-01,6.070305779576301575e-02,9.223194420337677002e-02,1.317633390426635742e-01,1.971007138490676880e-01,3.700501322746276855e-01,4.712669551372528076e-01,4.877672195434570312e-01,4.582492411136627197e-01,3.854757249355316162e-01,2.190001457929611206e-01,1.446643024682998657e-01,2.169223427772521973e-01,3.522607088088989258e-01,5.096476674079895020e-01,6.216070652008056641e-01,7.395046353340148926e-01,7.769126892089843750e-01,8.044813871383666992e-01
8.804563879966735840e-01,8.327463865280151367e-01,5.712803006172180176e-01,3.565268218517303467e-01,0.000000000000000000e+00,0.000000000000000000e+00,7.507780939340591431e-02,1.729099154472351074e-01,3.074136078357696533e-01,3.743500411510467529e-01,4.295925796031951904e-01,4.142319262027740479e-01,3.579836785793304443e-01,2.502091825008392334e-01,2.477605342864990234e-01,3.672693669795989990e-01,4.800837039947509766e-01,5.929825901985168457e-01,6.628762483596801758e-01,7.299661040306091309e-01,7.604950070381164551e-01,7.897660136222839355e-01
8.742459416389465332e-01,8.845998644828796387e-01,7.040701508522033691e-01,6.614519357681274414e-01,6.954576969146728516e-01,4.190320968627929688e-01,3.590387105941772461e-01,3.482705652713775635e-01,4.357114136219024658e-01,4.754255712032318115e-01,5.151996612548828125e-01,5.268841385841369629e-01,5.142956972122192383e-01,4.920791983604431152e-01,4.852650761604309082e-01,4.883337318897247314e-01,4.945218265056610107e-01,5.787612199783325195e-01,6.678189039230346680e-01,7.425013780593872070e-01,7.881532311439514160e-01,8.143801689147949219e-01
8.862007856369018555e-01,8.914670944213867188e-01,7.043860554695129395e-01,6.035548448562622070e-01,6.329318284988403320e-01,4.926154017448425293e-01,4.386804699897766113e-01,4.290318191051483154e-01,5.496057868003845215e-01,5.806816220283508301e-01,5.834182500839233398e-01,5.865070819854736328e-01,6.011015176773071289e-01,5.634825825691223145e-01,5.257647037506103516e-01,5.052460432052612305e-01,5.170915126800537109e-01,5.873756408691406250e-01,6.659947633743286133e-01,7.347546219825744629e-01,7.746932506561279297e-01,7.996497154235839844e-01
8.541989922523498535e-01,8.635590076446533203e-01,6.595783233642578125e-01,4.473371505737304688e-01,3.160658478736877441e-01,2.333565056324005127e-01,2.027360051870346069e-01,1.992897838354110718e-01,3.168508112430572510e-01,3.719581365585327148e-01,3.884121775627136230e-01,3.460883498191833496e-01,2.888650298118591309e-01,1.046417206525802612e-01,1.856146007776260376e-02,1.532175540924072266e-01,3.477939963340759277e-01,5.160419344902038574e-01,6.200656294822692871e-01,6.970858573913574219e-01,7.218448519706726074e-01,7.550464272499084473e-01
8.615749478340148926e-01,8.264405727386474609e-01,5.839856266975402832e-01,3.712994158267974854e-01,1.652649939060211182e-01,1.109866276383399963e-01,7.265390455722808838e-02,7.487144321203231812e-02,2.521840929985046387e-01,3.303086459636688232e-01,3.408240377902984619e-01,3.193989396095275879e-01,2.942117154598236084e-01,2.288947701454162598e-01,3.405461907386779785e-01,5.473372340202331543e-01,6.050139665603637695e-01,6.396428346633911133e-01,6.783255934715270996e-01,7.318817377090454102e-01,7.509424090385437012e-01,7.849459052085876465e-01
8.803506493568420410e-01,8.948940634727478027e-01,7.815684676170349121e-01,7.280306816101074219e-01,6.287629008293151855e-01,2.940799295902252197e-01,2.227931469678878784e-01,1.978481560945510864e-01,3.428442180156707764e-01,4.097914695739746094e-01,4.417029023170471191e-01,4.504705369472503662e-01,4.322741329669952393e-01,3.899361491203308105e-01,4.276298582553863525e-01,5.188183784484863281e-01,5.625659823417663574e-01,6.344076395034790039e-01,6.718685626983642578e-01,7.423424124717712402e-01,7.555664181709289551e-01,7.723160386085510254e-01
8.782379031181335449e-01,8.641884922981262207e-01,7.029542326927185059e-01,6.428104639053344727e-01,4.966678917407989502e-01,2.126110345125198364e-01,1.576227992773056030e-01,1.738879978656768799e-01,3.361353576183319092e-01,4.289148747920989990e-01,4.601978361606597900e-01,4.130846261978149414e-01,3.536707758903503418e-01,2.390589267015457153e-01,2.317233234643936157e-01,3.498453199863433838e-01,4.793583750724792480e-01,6.052621603012084961e-01,6.672594547271728516e-01,7.385936379432678223e-01,7.455525994300842285e-01,7.432242035865783691e-01
5.576905794441699982e-03,5.576905794441699982e-03,5.576905794441699982e-03,5.576905794441699982e-03,5.576905794441699982e-03,-1.675017527304589748e-03,-8.926941081881523132e-03,-1.617886312305927277e-02,-1.979883946478366852e-02,-1.572964526712894440e-02,-7.586828432977199554e-03,-0.000000000000000000e+00,-0.000000000000000000e+00,-0.000000000000000000e+00,-0.000000000000000000e+00,-0.000000000000000000e+00,-0.000000000000000000e+00,-0.000000000000000000e+00,0.000000000000000000e+00,0.000000000000000000e+00,0.000000000000000000e+00,0.000000000000000000e+00
4.824754595756530762e-02,4.824754595756530762e-02,4.824754595756530762e-02,4.824754595756530762e-02,4.824754595756530762e-02,8.658073097467422485e-02,1.115317195653915405e-01,8.830957859754562378e-02,2.885721065104007721e-02,-3.469446951953614189e-18,-3.469446951953614189e-18,-3.469446951953614189e-18,-3.469446951953614189e-18,-3.469446951953614189e-18,-3.469446951953614189e-18,-3.469446951953614189e-18,-3.469446951953614189e-18,-3.469446951953614189e-18,-3.109246522005967991e-17,-3.109246522005967991e-17,-3.109246522005967991e-17,-3.109246522005967991e-17
-1.164086908102035522e-01,-1.164086908102035522e-01,-1.164086908102035522e-01,-1.164086908102035522e-01,-1.164086908102035522e-01,-8.693622797727584839e-02,-5.014441907405853271e-02,-2.013851143419742584e-02,-7.024255319265648723e-05,9.739409200847148895e-03,4.145966842770576477e-03,8.489998057484626770e-03,2.357744239270687103e-02,4.908139258623123169e-02,7.559391111135482788e-02,9.890008717775344849e-02,1.092139706015586853e-01,1.048954799771308899e-01,1.048954799771308899e-01,1.048954799771308899e-01,1.048954799771308899e-01,1.048954799771308899e-01
-9.297426044940948486e-02,-9.297426044940948486e-02,-9.297426044940948486e-02,-9.297426044940948486e-02,-9.297426044940948486e-02,-8.940616250038146973e-02,-7.294812053442001343e-02,-5.012784525752067566e-02,-2.031286060810089111e-02,1.829615980386734009e-02,2.801092341542243958e-02,3.695876896381378174e-02,4.532443359494209290e-02,5.470247939229011536e-02,6.148279458284378052e-02,6.360954046249389648e-02,5.799703299999237061e-02,4.294158518314361572e-02,4.294158518314361572e-02,4.294158518314361572e-02,4.294158518314361572e-02,4.294158518314361572e-02
-1.001825183629989624e-01,-1.001825183629989624e-01,-1.001825183629989624e-01,-1.001825183629989624e-01,-1.001825183629989624e-01,-6.721848994493484497e-02,-2.556336484849452972e-02,8.698088116943836212e-03,3.029414266347885132e-02,3.340534120798110962e-02,2.069006673991680145e-02,5.688311066478490829e-03,-4.502240102738142014e-03,2.926482819020748138e-03,2.107448875904083252e-02,4.496031627058982849e-02,6.514370441436767578e-02,7.610569149255752563e-02,7.610569149255752563e-02,7.610569149255752563e-02,7.610569149255752563e-02,7.610569149255752563e-02
-8.949503302574157715e-02,-8.949503302574157715e-02,-8.949503302574157715e-02,-8.949503302574157715e-02,-8.949503302574157715e-02,-4.560595750808715820e-02,4.535712767392396927e-03,4.167121648788452148e-02,5.638860911130905151e-02,3.180373460054397583e-02,2.252260455861687660e-03,-2.006160095334053040e-02,-2.932744100689888000e-02,-1.627436466515064240e-02,1.035078056156635284e-02,4.370511695742607117e-02,7.289786636829376221e-02,9.255301952362060547e-02,9.255301952362060547e-02,9.255301952362060547e-02,9.255301952362060547e-02,9.255301952362060547e-02
-9.367687255144119263e-02,-9.367687255144119263e-02,-9.367687255144119263e-02,-9.367687255144119263e-02,-9.367687255144119263e-02,-4.862235859036445618e-02,4.574264865368604660e-03,4.167723283171653748e-02,5.975167080760002136e-02,4.090628772974014282e-02,1.772751286625862122e-02,4.643132910132408142e-03,2.362525556236505508e-03,1.369758881628513336e-02,3.051078133285045624e-02,5.159140750765800476e-02,6.842101365327835083e-02,7.674361020326614380e-02,7.674361020326614380e-02,7.674361020326614380e-02,7.674361020326614380e-02,7.674361020326614380e-02
-7.159347832202911377e-02,-7.159347832202911377e-02,-7.159347832202911377e-02,-7.159347832202911377e-02,-7.159347832202911377e-02,-5.674258619546890259e-02,-3.173025324940681458e-02,-1.482642721384763718e-02,6.397505640052258968e-04,1.991124637424945831e-02,1.908264122903347015e-02,1.235528197139501572e-02,2.988200401887297630e-03,4.086294211447238922e-03,1.204691641032695770e-02,2.509432286024093628e-02,3.837053105235099792e-02,4.799167811870574951e-02,4.799167811870574951e-02,4.799167811870574951e-02,4.799167811870574951e-02,4.799167811870574951e-02
-5.626727268099784851e-02,-5.626727268099784851e-02,-5.626727268099784851e-02,-5.626727268099784851e-02,-5.626727268099784851e-02,-3.751300275325775146e-02,-1.304544229060411453e-02,1.172099495306611061e-03,9.924652986228466034e-03,1.865824684500694275e-02,1.434176880866289139e-02,3.610313870012760162e-03,-8.244923315942287445e-03,-6.834383588284254074e-03,1.777586294338107109e-03,1.377971377223730087e-02,2.617954649031162262e-02,3.832291066646575928e-02,3.832291066646575928e-02,3.832291066646575928e-02,3.832291066646575928e-02,3.832291066646575928e-02
-8.783109486103057861e-02,-8.783109486103057861e-02,-8.783109486103057861e-02,-8.783109486103057861e-02,-8.783109486103057861e-02,-6.006684154272079468e-02,-2.238830737769603729e-02,3.389364341273903847e-03,1.289021596312522888e-02,1.811440568417310715e-03,-1.837472803890705109e-02,-2.855561673641204834e-02,-2.522661723196506500e-02,-3.359408583492040634e-03,2.671513892710208893e-02,5.916041508316993713e-02,8.458474278450012207e-02,1.011912897229194641e-01,1.011912897229194641e-01,1.011912897229194641e-01,1.011912897229194641e-01,1.011912897229194641e-01
-9.958744794130325317e-02,-9.958744794130325317e-02,-9.958744794130325317e-02,-9.958744794130325317e-02,-9.958744794130325317e-02,-6.108998879790306091e-02,-1.596492715179920197e-02,1.562082394957542419e-02,3.221335634589195251e-02,2.856668271124362946e-02,2.677974477410316467e-02,3.175849094986915588e-02,3.285575658082962036e-02,4.220195859670639038e-02,5.417974665760993958e-02,6.480394303798675537e-02,6.839580088853836060e-02,6.496322900056838989e-02,6.496322900056838989e-02,6.496322900056838989e-02,6.496322900056838989e-02,6.496322900056838989e-02
-9.654441475868225098e-02,-9.654441475868225098e-02,-9.654441475868225098e-02,-9.654441475868225098e-02,-9.654441475868225098e-02,-7.871530205011367798e-02,-4.970414936542510986e-02,-2.199910767376422882e-02,5.549659486860036850e-03,2.693285420536994934e-02,2.691916190087795258e-02,2.481830678880214691e-02,1.862145587801933289e-02,2.321842126548290253e-02,3.103233128786087036e-02,4.183583334088325500e-02,4.924090951681137085e-02,5.116133019328117371e-02,5.116133019328117371e-02,5.116133019328117371e-02,5.116133019328117371e-02,5.116133019328117371e-02
-9.600289911031723022e-02,-9.600289911031723022e-02,-9.600289911031723022e-02,-9.600289911031723022e-02,-9.600289911031723022e-02,-6.864068657159805298e-02,-3.287500888109207153e-02,-6.953221280127763748e-03,1.482682116329669952e-02,2.160651981830596924e-02,8.519257418811321259e-03,-1.594096189364790916e-03,-4.921521991491317749e-03,8.574077859520912170e-03,2.944901026785373688e-02,5.371405929327011108e-02,6.987700611352920532e-02,7.539244741201400757e-02,7.539244741201400757e-02,7.539244741201400757e-02,7.539244741201400757e-02,7.539244741201400757e-02
-1.461937185376882553e-02,-1.461937185376882553e-02,-1.461937185376882553e-02,-1.461937185376882553e-02,-1.461937185376882553e-02,-1.613958925008773804e-02,-1.200895570218563080e-02,-2.227472839877009392e-03,8.016360923647880554e-03,1.085111964493989944e-02,6.897116545587778091e-03,0.000000000000000000e+00,0.000000000000000000e+00,0.000000000000000000e+00,0.000000000000000000e+00,0.000000000000000000e+00,0.000000000000000000e+00,0.000000000000000000e+00,0.000000000000000000e+00,0.000000000000000000e+00,0.000000000000000000e+00,0.000000000000000000e+00
6.533642858266830444e-02,6.533642858266830444e-02,6.533642858266830444e-02,6.533642858266830444e-02,6.533642858266830444e-02,1.280593220144510269e-02,-5.047714710235595703e-02,-6.716451793909072876e-02,-2.623382769525051117e-02,1.387778780781445676e-17,1.387778780781445676e-17,1.387778780781445676e-17,1.387778780781445676e-17,1.387778780781445676e-17,1.387778780781445676e-17,1.387778780781445676e-17,1.387778780781445676e-17,1.387778780781445676e-17,-3.743857833595425717e-17,-3.743857833595425717e-17,-3.743857833595425717e-17,-3.743857833595425717e-17
2.588803134858608246e-02,2.588803134858608246e-02,2.588803134858608246e-02,2.588803134858608246e-02,2.588803134858608246e-02,4.794073477387428284e-02,5.182319507002830505e-02,4.071458429098129272e-02,1.641660369932651520e-02,-2.198072709143161774e-02,-2.446736954152584076e-02,-8.819581125862896442e-04,3.183645755052566528e-02,4.795033112168312073e-02,4.426595568656921387e-02,2.345899119973182678e-02,-8.123657666146755219e-03,-3.404119983315467834e-02,-3.404119983315467834e-02,-3.404119983315467834e-02,-3.404119983315467834e-02,-3.404119983315467834e-02
-1.419948320835828781e-02,-1.419948320835828781e-02,-1.419948320835828781e-02,-1.419948320835828781e-02,-1.419948320835828781e-02,2.355702966451644897e-02,4.668025672435760498e-02,5.272996425628662109e-02,3.688097000122070312e-02,-5.029255058616399765e-03,-7.542807143181562424e-03,9.649009443819522858e-03,2.497658319771289825e-02,2.194527909159660339e-02,7.484788075089454651e-03,-8.664314635097980499e-03,-2.137614786624908447e-02,-2.650146931409835815e-02,-2.650146931409835815e-02,-2.650146931409835815e-02,-2.650146931409835815e-02,-2.650146931409835815e-02
2.793687954545021057e-02,2.793687954545021057e-02,2.793687954545021057e-02,2.793687954545021057e-02,2.793687954545021057e-02,5.507191643118858337e-02,5.821634083986282349e-02,4.262955486774444580e-02,1.289349701255559921e-02,-2.144512906670570374e-02,-3.638545051217079163e-02,-2.733369544148445129e-02,2.263923175632953644e-03,2.548807673156261444e-02,3.470855951309204102e-02,3.152898326516151428e-02,1.630319654941558838e-02,-3.643776522949337959e-03,-3.643776522949337959e-03,-3.643776522949337959e-03,-3.643776522949337959e-03,-3.643776522949337959e-03
5.725425854325294495e-02,5.725425854325294495e-02,5.725425854325294495e-02,5.725425854325294495e-02,5.725425854325294495e-02,7.464017719030380249e-02,5.851618200540542603e-02,2.372586540877819061e-02,-1.595914177596569061e-02,-3.661441802978515625e-02,-4.534339159727096558e-02,-3.103161230683326721e-02,1.644637202844023705e-03,3.149794042110443115e-02,4.682229086756706238e-02,4.755700007081031799e-02,2.971717342734336853e-02,1.533334492705762386e-03,1.533334492705762386e-03,1.533334492705762386e-03,1.533334492705762386e-03,1.533334492705762386e-03
6.291803717613220215e-02,6.291803717613220215e-02,6.291803717613220215e-02,6.291803717613220215e-02,6.291803717613220215e-02,7.454056292772293091e-02,5.679706856608390808e-02,2.517974004149436951e-02,-1.421187911182641983e-02,-3.176613152027130127e-02,-3.315934166312217712e-02,-1.657720655202865601e-02,7.288448512554168701e-03,2.575584873557090759e-02,3.351243212819099426e-02,2.753093279898166656e-02,1.075233425945043564e-02,-8.421559818089008331e-03,-8.421559818089008331e-03,-8.421559818089008331e-03,-8.421559818089008331e-03,-8.421559818089008331e-03
9.797934442758560181e-03,9.797934442758560181e-03,9.797934442758560181e-03,9.797934442758560181e-03,9.797934442758560181e-03,2.526909671723842621e-02,2.775633148849010468e-02,3.055451624095439911e-02,2.334099449217319489e-02,-2.274415921419858932e-03,-1.173238269984722137e-02,-1.278655044734477997e-02,-6.102083716541528702e-03,3.526884131133556366e-03,1.389864925295114517e-02,1.910783909261226654e-02,1.700197346508502960e-02,9.335698559880256653e-03,9.335698559880256653e-03,9.335698559880256653e-03,9.335698559880256653e-03,9.335698559880256653e-03
1.949786394834518433e-02,1.949786394834518433e-02,1.949786394834518433e-02,1.949786394834518433e-02,1.949786394834518433e-02,2.958375960588455200e-02,2.261095866560935974e-02,1.703096367418766022e-02,1.249514520168304443e-02,-4.653971642255783081e-03,-1.464105118066072464e-02,-1.587211713194847107e-02,-6.442208308726549149e-03,2.702963771298527718e-03,1.205956377089023590e-02,1.910099387168884277e-02,1.982562616467475891e-02,1.188511960208415985e-02,1.188511960208415985e-02,1.188511960208415985e-02,1.188511960208415985e-02,1.188511960208415985e-02
3.341495990753173828e-02,3.341495990753173828e-02,3.341495990753173828e-02,3.341495990753173828e-02,3.341495990753173828e-02,4.928508028388023376e-02,4.027220979332923889e-02,2.053240500390529633e-02,4.691823269240558147e-04,-2.356385439634323120e-02,-3.570760041475296021e-02,-2.171036228537559509e-02,1.210126280784606934e-02,4.048465937376022339e-02,5.286619439721107483e-02,4.613317921757698059e-02,2.266160584986209869e-02,-9.356639347970485687e-03,-9.356639347970485687e-03,-9.356639347970485687e-03,-9.356639347970485687e-03,-9.356639347970485687e-03
4.488562420010566711e-02,4.488562420010566711e-02,4.488562420010566711e-02,4.488562420010566711e-02,4.488562420010566711e-02,6.149014085531234741e-02,4.946681484580039978e-02,2.669294364750385284e-02,1.381991198286414146e-03,-1.678947173058986664e-02,-1.847772672772407532e-02,-1.867077371571213007e-04,2.053869701921939850e-02,2.484164200723171234e-02,1.742166467010974884e-02,4.922190215438604355e-03,-9.610744193196296692e-03,-1.908100023865699768e-02,-1.908100023865699768e-02,-1.908100023865699768e-02,-1.908100023865699768e-02,-1.908100023865699768e-02
8.468875661492347717e-03,8.468875661492347717e-03,8.468875661492347717e-03,8.468875661492347717e-03,8.468875661492347717e-03,3.601082786917686462e-02,4.680704697966575623e-02,4.607689380645751953e-02,2.687914296984672546e-02,-6.454023532569408417e-03,-1.587256416678428650e-02,-1.040012948215007782e-02,4.252588842064142227e-03,1.319492422044277191e-02,1.474892441183328629e-02,1.238812599331140518e-02,3.318909090012311935e-03,-6.357989739626646042e-03,-6.357989739626646042e-03,-6.357989739626646042e-03,-6.357989739626646042e-03,-6.357989739626646042e-03
2.144772186875343323e-02,2.144772186875343323e-02,2.144772186875343323e-02,2.144772186875343323e-02,2.144772186875343323e-02,4.669214412569999695e-02,5.126616731286048889e-02,4.168672487139701843e-02,1.358534861356019974e-02,-2.291326597332954407e-02,-3.299583867192268372e-02,-1.905131153762340546e-02,9.934892877936363220e-03,3.181284293532371521e-02,3.763454407453536987e-02,2.933688089251518250e-02,9.969622828066349030e-03,-1.290129590779542923e-02,-1.290129590779542923e-02,-1.290129590779542923e-02,-1.290129590779542923e-02,-1.290129590779542923e-02
