0.000000000000000000e+00,0.000000000000000000e+00,0.000000000000000000e+00,0.000000000000000000e+00,0.000000000000000000e+00,0.000000000000000000e+00,0.000000000000000000e+00,0.000000000000000000e+00,0.000000000000000000e+00,0.000000000000000000e+00,0.000000000000000000e+00,0.000000000000000000e+00,0.000000000000000000e+00,0.000000000000000000e+00,0.000000000000000000e+00,0.000000000000000000e+00,0.000000000000000000e+00,0.000000000000000000e+00,0.000000000000000000e+00
9.998549222946166992e-01,9.753837585449218750e-01,1.000000000000000000e+00,1.000000000000000000e+00,1.000000000000000000e+00,1.000000000000000000e+00,1.000000000000000000e+00,1.000000000000000000e+00,1.000000000000000000e+00,1.000000000000000000e+00,1.000000000000000000e+00,1.000000000000000000e+00,1.000000000000000000e+00,1.000000000000000000e+00,1.000000000000000000e+00,1.000000000000000000e+00,1.000000000000000000e+00,1.000000000000000000e+00,1.000000000000000000e+00
9.854199290275573730e-01,9.532291889190673828e-01,8.294360637664794922e-01,5.976498126983642578e-01,4.405388832092285156e-01,3.663055002689361572e-01,4.346909821033477783e-01,4.636603593826293945e-01,4.878916442394256592e-01,5.087630748748779297e-01,5.335547327995300293e-01,5.351551771163940430e-01,5.590752363204956055e-01,6.802285313606262207e-01,8.304989337921142578e-01,8.951721787452697754e-01,9.158238768577575684e-01,9.154454469680786133e-01,9.252861738204956055e-01
1.000000000000000000e+00,1.000000000000000000e+00,9.181453585624694824e-01,6.707177758216857910e-01,5.516287088394165039e-01,4.868808090686798096e-01,5.137665271759033203e-01,5.315959453582763672e-01,5.601176023483276367e-01,6.180392503738403320e-01,6.885821223258972168e-01,7.141102552413940430e-01,7.655368447303771973e-01,8.610416650772094727e-01,9.531766772270202637e-01,9.613738656044006348e-01,9.283280372619628906e-01,9.144664406776428223e-01,9.179700016975402832e-01
8.802106976509094238e-01,8.405665755271911621e-01,7.857787609100341797e-01,6.593849062919616699e-01,5.955330133438110352e-01,6.078675985336303711e-01,6.686613559722900391e-01,6.629723310470581055e-01,6.629680991172790527e-01,6.988000869750976562e-01,7.456372976303100586e-01,7.290413975715637207e-01,7.115124464035034180e-01,7.597649693489074707e-01,8.435752987861633301e-01,8.741738200187683105e-01,8.889281153678894043e-01,8.957064747810363770e-01,8.989171385765075684e-01
9.366469979286193848e-01,8.829076886177062988e-01,7.369980812072753906e-01,5.430746674537658691e-01,4.831200540065765381e-01,4.760295450687408447e-01,5.297023653984069824e-01,5.621861219406127930e-01,5.837283134460449219e-01,5.976299047470092773e-01,5.597313046455383301e-01,4.808544218540191650e-01,4.434620738029479980e-01,5.103497505187988281e-01,6.305684447288513184e-01,7.437859177589416504e-01,8.300908803939819336e-01,8.761357665061950684e-01,8.878394961357116699e-01
9.719257950782775879e-01,9.220600724220275879e-01,7.467925548553466797e-01,5.455368161201477051e-01,5.175138711929321289e-01,5.587949752807617188e-01,6.080412864685058594e-01,6.285417079925537109e-01,6.454955935478210449e-01,6.658908128738403320e-01,6.827458143234252930e-01,6.684900522232055664e-01,6.840168833732604980e-01,7.430979609489440918e-01,8.323675990104675293e-01,8.679746389389038086e-01,8.584465384483337402e-01,8.750027418136596680e-01,8.858854770660400391e-01
9.446904659271240234e-01,8.982397913932800293e-01,8.024525046348571777e-01,6.122597455978393555e-01,5.338428020477294922e-01,5.299559831619262695e-01,5.778072476387023926e-01,6.124793291091918945e-01,6.350713968276977539e-01,6.641117334365844727e-01,6.906307935714721680e-01,6.571193337440490723e-01,6.283739209175109863e-01,6.730647087097167969e-01,7.583007216453552246e-01,8.142993450164794922e-01,8.376132249832153320e-01,8.721880316734313965e-01,8.859429359436035156e-01
9.343656897544860840e-01,8.853276371955871582e-01,8.300830125808715820e-01,6.812985539436340332e-01,6.313183903694152832e-01,6.534197330474853516e-01,6.709313988685607910e-01,6.647810935974121094e-01,6.762059926986694336e-01,7.127432227134704590e-01,7.340092658996582031e-01,6.980569958686828613e-01,6.725698113441467285e-01,7.060638070106506348e-01,7.812870144844055176e-01,8.258293867111206055e-01,8.310207128524780273e-01,8.643358349800109863e-01,8.848661184310913086e-01
9.654036760330200195e-01,9.240387678146362305e-01,8.178908228874206543e-01,6.592981219291687012e-01,6.137786507606506348e-01,6.208093166351318359e-01,6.583319902420043945e-01,6.636225581169128418e-01,6.758733391761779785e-01,7.094658613204956055e-01,7.301001548767089844e-01,6.919269561767578125e-01,6.719728708267211914e-01,7.176901698112487793e-01,7.913505434989929199e-01,8.104416131973266602e-01,8.285163640975952148e-01,8.593921065330505371e-01,8.806182742118835449e-01
9.511625170707702637e-01,9.123141765594482422e-01,7.773145437240600586e-01,5.802801847457885742e-01,5.253795981407165527e-01,5.384849905967712402e-01,5.799089074134826660e-01,6.078817248344421387e-01,6.189244389533996582e-01,6.229154467582702637e-01,6.405332684516906738e-01,6.195506453514099121e-01,5.947688221931457520e-01,6.430109143257141113e-01,7.182056903839111328e-01,7.776257395744323730e-01,8.194348812103271484e-01,8.497484922409057617e-01,8.802148103713989258e-01
9.595655202865600586e-01,9.179147481918334961e-01,7.923242449760437012e-01,6.166307926177978516e-01,5.644711256027221680e-01,5.591858029365539551e-01,5.963875651359558105e-01,6.124866008758544922e-01,6.287654042243957520e-01,6.635246276855468750e-01,7.109611630439758301e-01,7.096284031867980957e-01,7.165379524230957031e-01,7.574824690818786621e-01,8.167878985404968262e-01,8.400198221206665039e-01,8.397377133369445801e-01,8.618261218070983887e-01,8.871428966522216797e-01
9.428437352180480957e-01,9.115959405899047852e-01,7.885319590568542480e-01,6.057404875755310059e-01,5.359396934509277344e-01,5.365434885025024414e-01,5.719120502471923828e-01,5.863676667213439941e-01,6.002568006515502930e-01,6.284897923469543457e-01,6.452600359916687012e-01,6.260183453559875488e-01,6.196740865707397461e-01,6.694414615631103516e-01,7.432375550270080566e-01,7.811089754104614258e-01,8.185242414474487305e-01,8.518242239952087402e-01,8.697916269302368164e-01
0.000000000000000000e+00,0.000000000000000000e+00,0.000000000000000000e+00,0.000000000000000000e+00,-0.000000000000000000e+00,-0.000000000000000000e+00,-0.000000000000000000e+00,-0.000000000000000000e+00,-0.000000000000000000e+00,-0.000000000000000000e+00,-0.000000000000000000e+00,-0.000000000000000000e+00,-0.000000000000000000e+00,-0.000000000000000000e+00,-0.000000000000000000e+00,0.000000000000000000e+00,0.000000000000000000e+00,0.000000000000000000e+00,0.000000000000000000e+00
1.240483950823545456e-03,1.240483950823545456e-03,1.240483950823545456e-03,1.240483950823545456e-03,1.240483950823545456e-03,1.641082810238003731e-03,-3.469446951953614189e-18,-3.469446951953614189e-18,-3.469446951953614189e-18,-3.469446951953614189e-18,-3.469446951953614189e-18,-3.469446951953614189e-18,-3.469446951953614189e-18,-3.469446951953614189e-18,-3.469446951953614189e-18,-3.109246522005967991e-17,-3.109246522005967991e-17,-3.109246522005967991e-17,-3.109246522005967991e-17
-7.466090470552444458e-02,-7.466090470552444458e-02,-7.466090470552444458e-02,-7.466090470552444458e-02,-7.466090470552444458e-02,-5.127207562327384949e-02,-2.096875198185443878e-02,6.119747180491685867e-03,2.039207704365253448e-02,3.029162622988224030e-02,4.002825915813446045e-02,5.203867703676223755e-02,6.016530096530914307e-02,6.274990737438201904e-02,6.060395762324333191e-02,6.060395762324333191e-02,6.060395762324333191e-02,6.060395762324333191e-02,6.060395762324333191e-02
-6.928893923759460449e-02,-6.928893923759460449e-02,-6.928893923759460449e-02,-6.928893923759460449e-02,-6.928893923759460449e-02,-4.863386973738670349e-02,-1.690992712974548340e-02,1.488496828824281693e-02,3.288992121815681458e-02,4.575745761394500732e-02,5.421478673815727234e-02,5.768747255206108093e-02,5.298276990652084351e-02,4.311855882406234741e-02,3.240891173481941223e-02,3.240891173481941223e-02,3.240891173481941223e-02,3.240891173481941223e-02,3.240891173481941223e-02
-2.812508679926395416e-02,-2.812508679926395416e-02,-2.812508679926395416e-02,-2.812508679926395416e-02,-2.812508679926395416e-02,-1.425324566662311554e-02,2.460909774526953697e-03,1.508517563343048096e-02,1.695364527404308319e-02,1.584916748106479645e-02,1.862272806465625763e-02,2.457387372851371765e-02,2.760934643447399139e-02,2.733042836189270020e-02,2.637257985770702362e-02,2.637257985770702362e-02,2.637257985770702362e-02,2.637257985770702362e-02,2.637257985770702362e-02
-4.759126529097557068e-02,-4.759126529097557068e-02,-4.759126529097557068e-02,-4.759126529097557068e-02,-4.759126529097557068e-02,-2.526858635246753693e-02,-4.300471860915422440e-03,4.636324010789394379e-03,-8.109271293506026268e-04,-5.135007668286561966e-03,-2.489212667569518089e-03,9.601500816643238068e-03,2.658479847013950348e-02,4.396785795688629150e-02,5.841617658734321594e-02,5.841617658734321594e-02,5.841617658734321594e-02,5.841617658734321594e-02,5.841617658734321594e-02
-4.084200412034988403e-02,-4.084200412034988403e-02,-4.084200412034988403e-02,-4.084200412034988403e-02,-4.084200412034988403e-02,-1.786717958748340607e-02,7.176420185714960098e-03,2.065257914364337921e-02,1.969758979976177216e-02,1.803809404373168945e-02,2.201026305556297302e-02,2.790055237710475922e-02,3.053177893161773682e-02,3.184783086180686951e-02,3.176387771964073181e-02,3.176387771964073181e-02,3.176387771964073181e-02,3.176387771964073181e-02,3.176387771964073181e-02
-4.378920048475265503e-02,-4.378920048475265503e-02,-4.378920048475265503e-02,-4.378920048475265503e-02,-4.378920048475265503e-02,-2.323753200471401215e-02,-1.125057533499784768e-04,1.625629886984825134e-02,1.728156767785549164e-02,1.448290515691041946e-02,1.472237799316644669e-02,1.887695118784904480e-02,2.353359013795852661e-02,2.862565591931343079e-02,3.310279920697212219e-02,3.310279920697212219e-02,3.310279920697212219e-02,3.310279920697212219e-02,3.310279920697212219e-02
-3.400767594575881958e-02,-3.400767594575881958e-02,-3.400767594575881958e-02,-3.400767594575881958e-02,-3.400767594575881958e-02,-1.908984407782554626e-02,-3.147073555737733841e-03,8.317132480442523956e-03,7.883922196924686432e-03,5.664110183715820312e-03,9.055200032889842987e-03,1.474396605044603348e-02,1.768466085195541382e-02,2.102777920663356781e-02,2.564885467290878296e-02,2.564885467290878296e-02,2.564885467290878296e-02,2.564885467290878296e-02,2.564885467290878296e-02
-3.828294202685356140e-02,-3.828294202685356140e-02,-3.828294202685356140e-02,-3.828294202685356140e-02,-3.828294202685356140e-02,-2.051903121173381805e-02,-5.609472864307463169e-04,1.123890466988086700e-02,1.059182360768318176e-02,8.988027460873126984e-03,1.114895381033420563e-02,1.486715301871299744e-02,1.769605651497840881e-02,2.085600979626178741e-02,2.517177350819110870e-02,2.517177350819110870e-02,2.517177350819110870e-02,2.517177350819110870e-02,2.517177350819110870e-02
-4.464760050177574158e-02,-4.464760050177574158e-02,-4.464760050177574158e-02,-4.464760050177574158e-02,-4.464760050177574158e-02,-2.538388036191463470e-02,-2.712215064093470573e-03,1.184032205492258072e-02,1.095060538500547409e-02,8.460502140223979950e-03,1.011497806757688522e-02,1.618743874132633209e-02,2.408296242356300354e-02,3.139373287558555603e-02,3.722111135721206665e-02,3.722111135721206665e-02,3.722111135721206665e-02,3.722111135721206665e-02,3.722111135721206665e-02
-4.481338709592819214e-02,-4.481338709592819214e-02,-4.481338709592819214e-02,-4.481338709592819214e-02,-4.481338709592819214e-02,-2.474348247051239014e-02,-4.802445619134232402e-05,1.754193380475044250e-02,2.232967130839824677e-02,2.383528649806976318e-02,2.563729695975780487e-02,2.779488079249858856e-02,2.721470594406127930e-02,2.567614056169986725e-02,2.483761683106422424e-02,2.483761683106422424e-02,2.483761683106422424e-02,2.483761683106422424e-02,2.483761683106422424e-02
-4.747448861598968506e-02,-4.747448861598968506e-02,-4.747448861598968506e-02,-4.747448861598968506e-02,-4.747448861598968506e-02,-2.833372168242931366e-02,-5.439689848572015762e-03,1.035516336560249329e-02,1.320300437510013580e-02,1.331971026957035065e-02,1.618144288659095764e-02,2.107041515409946442e-02,2.617175690829753876e-02,3.078125044703483582e-02,3.474853187799453735e-02,3.474853187799453735e-02,3.474853187799453735e-02,3.474853187799453735e-02,3.474853187799453735e-02
0.000000000000000000e+00,0.000000000000000000e+00,0.000000000000000000e+00,0.000000000000000000e+00,0.000000000000000000e+00,0.000000000000000000e+00,0.000000000000000000e+00,0.000000000000000000e+00,0.000000000000000000e+00,0.000000000000000000e+00,0.000000000000000000e+00,0.000000000000000000e+00,0.000000000000000000e+00,0.000000000000000000e+00,0.000000000000000000e+00,0.000000000000000000e+00,0.000000000000000000e+00,0.000000000000000000e+00,0.000000000000000000e+00
-3.817659453488886356e-04,-3.817659453488886356e-04,-3.817659453488886356e-04,-3.817659453488886356e-04,-3.817659453488886356e-04,-1.491893432103097439e-03,1.387778780781445676e-17,1.387778780781445676e-17,1.387778780781445676e-17,1.387778780781445676e-17,1.387778780781445676e-17,1.387778780781445676e-17,1.387778780781445676e-17,1.387778780781445676e-17,1.387778780781445676e-17,-3.743857833595425717e-17,-3.743857833595425717e-17,-3.743857833595425717e-17,-3.743857833595425717e-17
3.432882204651832581e-02,3.432882204651832581e-02,3.432882204651832581e-02,3.432882204651832581e-02,3.432882204651832581e-02,4.212462902069091797e-02,3.393495455384254456e-02,1.424141693860292435e-02,5.723444046452641487e-04,1.577796996571123600e-03,1.437034644186496735e-02,1.836861297488212585e-02,1.380113512277603149e-02,2.929737092927098274e-03,-9.067606180906295776e-03,-9.067606180906295776e-03,-9.067606180906295776e-03,-9.067606180906295776e-03,-9.067606180906295776e-03
2.648792043328285217e-02,2.648792043328285217e-02,2.648792043328285217e-02,2.648792043328285217e-02,2.648792043328285217e-02,3.936167806386947632e-02,3.793563321232795715e-02,2.105920203030109406e-02,1.065505016595125198e-02,6.802214309573173523e-03,8.223924785852432251e-03,3.379523288458585739e-03,-5.389654077589511871e-03,-1.215217635035514832e-02,-1.561043318361043930e-02,-1.561043318361043930e-02,-1.561043318361043930e-02,-1.561043318361043930e-02,-1.561043318361043930e-02
1.871061697602272034e-02,1.871061697602272034e-02,1.871061697602272034e-02,1.871061697602272034e-02,1.871061697602272034e-02,1.951510831713676453e-02,1.589054055511951447e-02,4.142077639698982239e-03,-3.827373264357447624e-03,-2.388473600149154663e-03,4.588510375469923019e-03,5.551952403038740158e-03,4.784098360687494278e-03,3.529499517753720284e-03,-6.759863754268735647e-05,-6.759863754268735647e-05,-6.759863754268735647e-05,-6.759863754268735647e-05,-6.759863754268735647e-05
3.369131684303283691e-02,3.369131684303283691e-02,3.369131684303283691e-02,3.369131684303283691e-02,3.369131684303283691e-02,3.272614628076553345e-02,1.626591756939888000e-02,-6.041873712092638016e-03,-1.615675538778305054e-02,-1.148260757327079773e-02,4.867859184741973877e-03,2.063221111893653870e-02,2.972886897623538971e-02,2.755748294293880463e-02,1.279397122561931610e-02,1.279397122561931610e-02,1.279397122561931610e-02,1.279397122561931610e-02,1.279397122561931610e-02
3.502039611339569092e-02,3.502039611339569092e-02,3.502039611339569092e-02,3.502039611339569092e-02,3.502039611339569092e-02,3.139756992459297180e-02,1.484294980764389038e-02,-2.778955269604921341e-03,-6.510184612125158310e-03,-1.681309193372726440e-03,6.401375867426395416e-03,9.460655972361564636e-03,6.599992979317903519e-03,2.166997874155640602e-03,-3.569627413526177406e-03,-3.569627413526177406e-03,-3.569627413526177406e-03,-3.569627413526177406e-03,-3.569627413526177406e-03
2.959256432950496674e-02,2.959256432950496674e-02,2.959256432950496674e-02,2.959256432950496674e-02,2.959256432950496674e-02,3.141434490680694580e-02,2.253695577383041382e-02,3.664208110421895981e-03,-8.007326163351535797e-03,-8.329249918460845947e-03,6.217500049388036132e-05,7.447033189237117767e-03,1.041555777192115784e-02,1.062335260212421417e-02,5.779470782727003098e-03,5.779470782727003098e-03,5.779470782727003098e-03,5.779470782727003098e-03,5.779470782727003098e-03
1.866249926388263702e-02,1.866249926388263702e-02,1.866249926388263702e-02,1.866249926388263702e-02,1.866249926388263702e-02,2.016175165772438049e-02,1.572432741522789001e-02,2.279194304719567299e-03,-4.788640420883893967e-03,-3.595629706978797913e-03,1.740334206260740757e-03,5.879012867808341980e-03,7.637523580342531204e-03,8.843052200973033905e-03,5.559765733778476715e-03,5.559765733778476715e-03,5.559765733778476715e-03,5.559765733778476715e-03,5.559765733778476715e-03
2.429048344492912292e-02,2.429048344492912292e-02,2.429048344492912292e-02,2.429048344492912292e-02,2.429048344492912292e-02,2.504122443497180939e-02,1.646298170089721680e-02,1.396776293404400349e-03,-6.011321675032377243e-03,-4.643166903406381607e-03,2.276730258017778397e-03,5.310249049216508865e-03,6.899804808199405670e-03,7.768590468913316727e-03,4.654078744351863861e-03,4.654078744351863861e-03,4.654078744351863861e-03,4.654078744351863861e-03,4.654078744351863861e-03
3.077796287834644318e-02,3.077796287834644318e-02,3.077796287834644318e-02,3.077796287834644318e-02,3.077796287834644318e-02,2.964329533278942108e-02,1.705901138484477997e-02,-1.566051359986886382e-04,-7.781759370118379593e-03,-5.159998778253793716e-03,3.163035027682781219e-03,1.003368105739355087e-02,1.266020443290472031e-02,1.103067398071289062e-02,6.574618164449930191e-03,6.574618164449930191e-03,6.574618164449930191e-03,6.574618164449930191e-03,6.574618164449930191e-03
2.770146355032920837e-02,2.770146355032920837e-02,2.770146355032920837e-02,2.770146355032920837e-02,2.770146355032920837e-02,2.917029708623886108e-02,2.091126702725887299e-02,6.935643963515758514e-03,5.122258153278380632e-05,-1.224186155013740063e-03,1.803993131034076214e-03,2.079963451251387596e-03,3.230780712328851223e-04,-1.053279847837984562e-04,-4.251231730449944735e-04,-4.251231730449944735e-04,-4.251231730449944735e-04,-4.251231730449944735e-04,-4.251231730449944735e-04
2.742724306881427765e-02,2.742724306881427765e-02,2.742724306881427765e-02,2.742724306881427765e-02,2.742724306881427765e-02,2.974611893296241760e-02,1.984520629048347473e-02,3.859643591567873955e-03,-4.112490918487310410e-03,-2.887421287596225739e-03,3.514213720336556435e-03,7.112790830433368683e-03,8.806886151432991028e-03,8.398131467401981354e-03,3.758981358259916306e-03,3.758981358259916306e-03,3.758981358259916306e-03,3.758981358259916306e-03,3.758981358259916306e-03
