0.000000000000000000e+00,0.000000000000000000e+00,0.000000000000000000e+00,0.000000000000000000e+00,5.247361958026885986e-02,2.391507625579833984e-01,2.625047266483306885e-01,2.432407289743423462e-01,2.068740129470825195e-01,2.061171233654022217e-01,3.300078213214874268e-01,4.323221445083618164e-01,2.460341751575469971e-01,0.000000000000000000e+00,0.000000000000000000e+00,0.000000000000000000e+00,0.000000000000000000e+00,0.000000000000000000e+00
9.868227839469909668e-01,8.624964356422424316e-01,9.802183508872985840e-01,1.000000000000000000e+00,1.000000000000000000e+00,1.000000000000000000e+00,1.000000000000000000e+00,1.000000000000000000e+00,1.000000000000000000e+00,1.000000000000000000e+00,1.000000000000000000e+00,1.000000000000000000e+00,1.000000000000000000e+00,1.000000000000000000e+00,1.000000000000000000e+00,1.000000000000000000e+00,1.000000000000000000e+00,1.000000000000000000e+00
8.926740884780883789e-01,7.969084382057189941e-01,6.549066305160522461e-01,2.335892915725708008e-01,8.380293729715049267e-04,0.000000000000000000e+00,0.000000000000000000e+00,0.000000000000000000e+00,0.000000000000000000e+00,0.000000000000000000e+00,0.000000000000000000e+00,0.000000000000000000e+00,0.000000000000000000e+00,1.123161390423774719e-01,3.947048187255859375e-01,5.950376987457275391e-01,7.190743088722229004e-01,7.694972753524780273e-01
1.000000000000000000e+00,1.000000000000000000e+00,1.000000000000000000e+00,6.123536229133605957e-01,4.308962523937225342e-01,4.109820425510406494e-01,3.921449482440948486e-01,4.281442463397979736e-01,4.517058432102203369e-01,4.578849971294403076e-01,4.448140859603881836e-01,4.840753674507141113e-01,5.281292796134948730e-01,6.116290092468261719e-01,7.679703235626220703e-01,8.549946546554565430e-01,8.962646126747131348e-01,9.120877385139465332e-01
8.505501151084899902e-01,6.692181825637817383e-01,4.931548535823822021e-01,2.767470479011535645e-01,2.514371573925018311e-01,3.337835073471069336e-01,3.842008411884307861e-01,4.143905043601989746e-01,4.999512732028961182e-01,5.856667757034301758e-01,5.622567534446716309e-01,4.614093601703643799e-01,3.552177250385284424e-01,3.276748657226562500e-01,4.910017251968383789e-01,6.247935891151428223e-01,7.422757744789123535e-01,8.095899224281311035e-01
9.510432481765747070e-01,8.094978332519531250e-01,5.253630280494689941e-01,1.202774345874786377e-01,0.000000000000000000e+00,1.981040835380554199e-01,3.368291556835174561e-01,3.907419145107269287e-01,4.848138988018035889e-01,5.578230619430541992e-01,5.025649070739746094e-01,3.445732593536376953e-01,1.844086796045303345e-01,1.791877597570419312e-01,3.443126082420349121e-01,4.963284730911254883e-01,6.496695876121520996e-01,7.252774834632873535e-01
9.314132928848266602e-01,8.425968885421752930e-01,5.263317823410034180e-01,1.175926476716995239e-01,1.971506327390670776e-02,2.594508230686187744e-01,4.041691124439239502e-01,4.479180872440338135e-01,4.770999550819396973e-01,5.012238025665283203e-01,4.186339974403381348e-01,2.743860185146331787e-01,1.851706802845001221e-01,2.686817944049835205e-01,5.122824907302856445e-01,6.288123726844787598e-01,7.310546040534973145e-01,8.131617307662963867e-01
8.808472156524658203e-01,7.675458192825317383e-01,4.562513828277587891e-01,1.954216063022613525e-01,1.444265693426132202e-01,3.345749676227569580e-01,3.967635333538055420e-01,3.940336406230926514e-01,4.529809653759002686e-01,4.895447790622711182e-01,4.978083968162536621e-01,4.829551875591278076e-01,4.353631734848022461e-01,3.893451392650604248e-01,5.058569908142089844e-01,6.066138148307800293e-01,7.028443217277526855e-01,7.994899749755859375e-01
9.064382314682006836e-01,7.858511805534362793e-01,5.708919167518615723e-01,3.458337485790252686e-01,2.607289254665374756e-01,4.238314032554626465e-01,4.783938527107238770e-01,4.811335206031799316e-01,4.589875042438507080e-01,4.564748406410217285e-01,4.750457108020782471e-01,4.558560252189636230e-01,4.154862165451049805e-01,4.205929636955261230e-01,5.342314839363098145e-01,6.075301766395568848e-01,6.976991295814514160e-01,7.564730644226074219e-01
9.002238512039184570e-01,7.660838961601257324e-01,5.334005951881408691e-01,2.925795912742614746e-01,3.154257237911224365e-01,4.960872232913970947e-01,4.759851694107055664e-01,4.682469666004180908e-01,5.101691484451293945e-01,5.379425883293151855e-01,5.569078326225280762e-01,4.920088052749633789e-01,3.673071861267089844e-01,3.463340103626251221e-01,5.091870427131652832e-01,6.112388968467712402e-01,7.123699188232421875e-01,7.948283553123474121e-01
9.180811047554016113e-01,7.999221086502075195e-01,5.638787150382995605e-01,2.807581722736358643e-01,2.468489110469818115e-01,3.631012737751007080e-01,3.903681039810180664e-01,4.081259071826934814e-01,4.462051987648010254e-01,4.713491201400756836e-01,4.670431017875671387e-01,4.111496210098266602e-01,3.637275695800781250e-01,4.052385687828063965e-01,5.280696749687194824e-01,6.497637629508972168e-01,7.482999563217163086e-01,8.013240694999694824e-01
8.883938789367675781e-01,7.480743527412414551e-01,5.710933208465576172e-01,3.213186264038085938e-01,2.200038880109786987e-01,3.040019273757934570e-01,3.416957557201385498e-01,3.841437399387359619e-01,4.333241581916809082e-01,4.586405456066131592e-01,4.468479156494140625e-01,3.965736627578735352e-01,3.826986551284790039e-01,4.172173440456390381e-01,5.730329751968383789e-01,6.581377983093261719e-01,7.328461408615112305e-01,7.624483108520507812e-01
8.856729269027709961e-01,7.186715602874755859e-01,5.575441122055053711e-01,2.957942485809326172e-01,2.140744030475616455e-01,3.128618299961090088e-01,3.281143903732299805e-01,3.339761495590209961e-01,3.901825845241546631e-01,4.283450841903686523e-01,4.535804986953735352e-01,4.047288894653320312e-01,3.542328476905822754e-01,3.906006813049316406e-01,5.352982282638549805e-01,6.253991127014160156e-01,7.234335541725158691e-01,7.787752747535705566e-01
3.868963941931724548e-02,3.868963941931724548e-02,3.868963941931724548e-02,3.868963941931724548e-02,3.868963941931724548e-02,3.569338470697402954e-02,3.752122446894645691e-02,4.066988825798034668e-02,2.419398166239261627e-02,-8.411968126893043518e-03,-2.458692900836467743e-02,-3.482988104224205017e-02,-4.230308532714843750e-02,-4.875284060835838318e-02,-4.875284060835838318e-02,-4.875284060835838318e-02,-4.875284060835838318e-02,-4.875284060835838318e-02
8.413047529757022858e-03,8.413047529757022858e-03,8.413047529757022858e-03,8.413047529757022858e-03,8.413047529757022858e-03,1.015598699450492859e-02,1.318776630796492100e-03,-3.469446951953614189e-18,-3.469446951953614189e-18,-3.469446951953614189e-18,-3.469446951953614189e-18,-3.469446951953614189e-18,-3.469446951953614189e-18,-3.469446951953614189e-18,-3.109246522005967991e-17,-3.109246522005967991e-17,-3.109246522005967991e-17,-3.109246522005967991e-17
-1.250804066658020020e-01,-1.250804066658020020e-01,-1.250804066658020020e-01,-1.250804066658020020e-01,-1.250804066658020020e-01,-9.367283433675765991e-02,-5.536784231662750244e-02,-1.561452075839042664e-02,-5.586862607742659748e-05,7.487742695957422256e-03,3.192946314811706543e-02,6.314828991889953613e-02,9.271893650293350220e-02,1.136665344238281250e-01,1.136665344238281250e-01,1.136665344238281250e-01,1.136665344238281250e-01,1.136665344238281250e-01
-8.876375854015350342e-02,-8.876375854015350342e-02,-8.876375854015350342e-02,-8.876375854015350342e-02,-8.876375854015350342e-02,-7.034187763929367065e-02,-4.375613480806350708e-02,-5.299878772348165512e-03,1.238818559795618057e-02,2.192518860101699829e-02,3.721321746706962585e-02,5.078330636024475098e-02,6.239050254225730896e-02,6.921403855085372925e-02,6.921403855085372925e-02,6.921403855085372925e-02,6.921403855085372925e-02,6.921403855085372925e-02
-3.879583254456520081e-02,-3.879583254456520081e-02,-3.879583254456520081e-02,-3.879583254456520081e-02,-3.879583254456520081e-02,1.570570515468716621e-03,2.968003414571285248e-02,3.817708417773246765e-02,2.208979800343513489e-02,7.493213051930069923e-04,-4.111131653189659119e-03,1.529014087282121181e-03,1.350723113864660263e-02,3.163836896419525146e-02,3.163836896419525146e-02,3.163836896419525146e-02,3.163836896419525146e-02,3.163836896419525146e-02
-5.700710415840148926e-02,-5.700710415840148926e-02,-5.700710415840148926e-02,-5.700710415840148926e-02,-5.700710415840148926e-02,-4.176472779363393784e-03,3.972849994897842407e-02,5.453834682703018188e-02,2.792658098042011261e-02,-1.012521702796220779e-02,-2.364648133516311646e-02,-1.790974102914333344e-02,-1.158518061856739223e-04,2.624243497848510742e-02,2.624243497848510742e-02,2.624243497848510742e-02,2.624243497848510742e-02,2.624243497848510742e-02
-5.172928050160408020e-02,-5.172928050160408020e-02,-5.172928050160408020e-02,-5.172928050160408020e-02,-5.172928050160408020e-02,-7.801381405442953110e-03,3.038899041712284088e-02,3.967345133423805237e-02,1.314772572368383408e-02,-1.709335856139659882e-02,-1.526586152613162994e-02,2.176290145143866539e-03,2.633628435432910919e-02,5.368296802043914795e-02,5.368296802043914795e-02,5.368296802043914795e-02,5.368296802043914795e-02,5.368296802043914795e-02
-4.686373099684715271e-02,-4.686373099684715271e-02,-4.686373099684715271e-02,-4.686373099684715271e-02,-4.686373099684715271e-02,-7.870906032621860504e-03,2.875274978578090668e-02,4.294061288237571716e-02,3.177480027079582214e-02,9.292501956224441528e-03,6.341385655105113983e-03,1.243507117033004761e-02,2.121912874281406403e-02,3.621166199445724487e-02,3.621166199445724487e-02,3.621166199445724487e-02,3.621166199445724487e-02,3.621166199445724487e-02
-4.684923961758613586e-02,-4.684923961758613586e-02,-4.684923961758613586e-02,-4.684923961758613586e-02,-4.684923961758613586e-02,-1.941590197384357452e-02,6.705962121486663818e-03,1.881533302366733551e-02,1.139580085873603821e-02,-3.936224151402711868e-03,-7.648756145499646664e-04,9.999921545386314392e-03,2.485201694071292877e-02,3.816744685173034668e-02,3.816744685173034668e-02,3.816744685173034668e-02,3.816744685173034668e-02,3.816744685173034668e-02
-3.941754624247550964e-02,-3.941754624247550964e-02,-3.941754624247550964e-02,-3.941754624247550964e-02,-3.941754624247550964e-02,-7.839422672986984253e-03,1.986274309456348419e-02,2.733429893851280212e-02,7.113859057426452637e-03,-1.384640764445066452e-02,-9.409817866981029510e-03,-6.327331357169896364e-05,1.312626060098409653e-02,3.123782202601432800e-02,3.123782202601432800e-02,3.123782202601432800e-02,3.123782202601432800e-02,3.123782202601432800e-02
-5.545950680971145630e-02,-5.545950680971145630e-02,-5.545950680971145630e-02,-5.545950680971145630e-02,-5.545950680971145630e-02,-2.115096338093280792e-02,1.046945992857217789e-02,2.424135245382785797e-02,1.380388159304857254e-02,1.925215125083923340e-03,5.283158738166093826e-03,1.627680286765098572e-02,3.099608421325683594e-02,4.675401374697685242e-02,4.675401374697685242e-02,4.675401374697685242e-02,4.675401374697685242e-02,4.675401374697685242e-02
-5.646970868110656738e-02,-5.646970868110656738e-02,-5.646970868110656738e-02,-5.646970868110656738e-02,-5.646970868110656738e-02,-2.206167764961719513e-02,7.029441650956869125e-03,2.304096519947052002e-02,2.022158913314342499e-02,1.023756619542837143e-02,1.435419637709856033e-02,2.280178293585777283e-02,3.449322655797004700e-02,4.644480720162391663e-02,4.644480720162391663e-02,4.644480720162391663e-02,4.644480720162391663e-02,4.644480720162391663e-02
-5.963065847754478455e-02,-5.963065847754478455e-02,-5.963065847754478455e-02,-5.963065847754478455e-02,-5.963065847754478455e-02,-2.454977855086326599e-02,5.918812472373247147e-03,2.412152662873268127e-02,1.969226822257041931e-02,9.903569705784320831e-03,1.505155488848686218e-02,2.377003803849220276e-02,3.455788642168045044e-02,4.722809419035911560e-02,4.722809419035911560e-02,4.722809419035911560e-02,4.722809419035911560e-02,4.722809419035911560e-02
6.062430911697447300e-04,6.062430911697447300e-04,6.062430911697447300e-04,6.062430911697447300e-04,6.062430911697447300e-04,-1.052851788699626923e-02,-1.048158481717109680e-02,-3.515164833515882492e-03,-7.485141977667808533e-03,-1.817714981734752655e-02,-2.602612972259521484e-02,-2.560440637171268463e-02,-1.661240309476852417e-02,9.527620277367532253e-04,9.527620277367532253e-04,9.527620277367532253e-04,9.527620277367532253e-04,9.527620277367532253e-04
-2.539467066526412964e-03,-2.539467066526412964e-03,-2.539467066526412964e-03,-2.539467066526412964e-03,-2.539467066526412964e-03,-8.633270859718322754e-03,-1.198887825012207031e-03,1.387778780781445676e-17,1.387778780781445676e-17,1.387778780781445676e-17,1.387778780781445676e-17,1.387778780781445676e-17,1.387778780781445676e-17,1.387778780781445676e-17,-3.743857833595425717e-17,-3.743857833595425717e-17,-3.743857833595425717e-17,-3.743857833595425717e-17
4.620390012860298157e-02,4.620390012860298157e-02,4.620390012860298157e-02,4.620390012860298157e-02,4.620390012860298157e-02,5.414463579654693604e-02,4.321603104472160339e-02,1.416962407529354095e-02,5.078965841676108539e-05,6.807038560509681702e-03,2.562326379120349884e-02,4.009839892387390137e-02,4.162842407822608948e-02,2.784164063632488251e-02,2.784164063632488251e-02,2.784164063632488251e-02,2.784164063632488251e-02,2.784164063632488251e-02
2.920559048652648926e-02,2.920559048652648926e-02,2.920559048652648926e-02,2.920559048652648926e-02,2.920559048652648926e-02,4.425843432545661926e-02,4.064416140317916870e-02,1.508809439837932587e-02,5.034265108406543732e-03,7.313275709748268127e-03,1.518041454255580902e-02,2.096962369978427887e-02,1.740583404898643494e-02,5.991242360323667526e-03,5.991242360323667526e-03,5.991242360323667526e-03,5.991242360323667526e-03,5.991242360323667526e-03
4.972444102168083191e-02,4.972444102168083191e-02,4.972444102168083191e-02,4.972444102168083191e-02,4.972444102168083191e-02,4.129416868090629578e-02,1.985787786543369293e-02,-9.328488260507583618e-03,-2.601509355008602142e-02,-2.831278368830680847e-02,-1.339102163910865784e-02,8.445539511740207672e-03,3.097559697926044464e-02,4.019494354724884033e-02,4.019494354724884033e-02,4.019494354724884033e-02,4.019494354724884033e-02,4.019494354724884033e-02
7.856202125549316406e-02,7.856202125549316406e-02,7.856202125549316406e-02,7.856202125549316406e-02,7.856202125549316406e-02,6.835474073886871338e-02,2.792902477085590363e-02,-2.445111237466335297e-02,-5.102781578898429871e-02,-4.244932159781455994e-02,-1.663276925683021545e-02,1.336743216961622238e-02,4.280837252736091614e-02,5.344853922724723816e-02,5.344853922724723816e-02,5.344853922724723816e-02,5.344853922724723816e-02,5.344853922724723816e-02
7.407777011394500732e-02,7.407777011394500732e-02,7.407777011394500732e-02,7.407777011394500732e-02,7.407777011394500732e-02,6.002568826079368591e-02,1.451857853680849075e-02,-3.459196165204048157e-02,-4.932073131203651428e-02,-2.622791007161140442e-02,8.269766345620155334e-03,3.281923383474349976e-02,4.622442275285720825e-02,4.414434731006622314e-02,4.414434731006622314e-02,4.414434731006622314e-02,4.414434731006622314e-02,4.414434731006622314e-02
5.791267007589340210e-02,5.791267007589340210e-02,5.791267007589340210e-02,5.791267007589340210e-02,5.791267007589340210e-02,4.535885155200958252e-02,1.386918034404516220e-02,-1.175128202885389328e-02,-2.008702233433723450e-02,-1.488219760358333588e-02,-6.143710575997829437e-03,4.709641914814710617e-03,1.833447255194187164e-02,2.595962025225162506e-02,2.595962025225162506e-02,2.595962025225162506e-02,2.595962025225162506e-02,2.595962025225162506e-02
4.417238384485244751e-02,4.417238384485244751e-02,4.417238384485244751e-02,4.417238384485244751e-02,4.417238384485244751e-02,3.103210218250751495e-02,9.074462577700614929e-03,-1.082871668040752411e-02,-1.656877249479293823e-02,-5.634058732539415359e-03,5.755987484008073807e-03,1.333855092525482178e-02,1.851014234125614166e-02,1.971343159675598145e-02,1.971343159675598145e-02,1.971343159675598145e-02,1.971343159675598145e-02,1.971343159675598145e-02
4.402680322527885437e-02,4.402680322527885437e-02,4.402680322527885437e-02,4.402680322527885437e-02,4.402680322527885437e-02,3.107226826250553131e-02,8.277376182377338409e-03,-1.369478646665811539e-02,-2.064622379839420319e-02,-1.534711197018623352e-02,-5.152061115950345993e-03,1.024903357028961182e-02,2.629574388265609741e-02,3.365685418248176575e-02,3.365685418248176575e-02,3.365685418248176575e-02,3.365685418248176575e-02,3.365685418248176575e-02
5.008612573146820068e-02,5.008612573146820068e-02,5.008612573146820068e-02,5.008612573146820068e-02,5.008612573146820068e-02,4.125626385211944580e-02,1.659719645977020264e-02,-1.014979463070631027e-02,-1.778911612927913666e-02,-1.020394451916217804e-02,1.270576496608555317e-03,1.532908994704484940e-02,2.636338025331497192e-02,2.681735716760158539e-02,2.681735716760158539e-02,2.681735716760158539e-02,2.681735716760158539e-02,2.681735716760158539e-02
4.891946166753768921e-02,4.891946166753768921e-02,4.891946166753768921e-02,4.891946166753768921e-02,4.891946166753768921e-02,4.230802506208419800e-02,2.208453044295310974e-02,-4.741139244288206100e-03,-1.628239266574382782e-02,-1.107483729720115662e-02,2.636687597259879112e-03,1.555791124701499939e-02,2.342586405575275421e-02,2.038716524839401245e-02,2.038716524839401245e-02,2.038716524839401245e-02,2.038716524839401245e-02,2.038716524839401245e-02
4.627398028969764709e-02,4.627398028969764709e-02,4.627398028969764709e-02,4.627398028969764709e-02,4.627398028969764709e-02,3.947606682777404785e-02,2.378327958285808563e-02,-1.151503645814955235e-03,-1.316219381988048553e-02,-9.409380145370960236e-03,1.264072634512558579e-04,1.074004825204610825e-02,2.173413895070552826e-02,2.351385727524757385e-02,2.351385727524757385e-02,2.351385727524757385e-02,2.351385727524757385e-02,2.351385727524757385e-02
