0.000000000000000000e+00,0.000000000000000000e+00,0.000000000000000000e+00,0.000000000000000000e+00,0.000000000000000000e+00,0.000000000000000000e+00,0.000000000000000000e+00,0.000000000000000000e+00,0.000000000000000000e+00,0.000000000000000000e+00,0.000000000000000000e+00,0.000000000000000000e+00,0.000000000000000000e+00,0.000000000000000000e+00,0.000000000000000000e+00,0.000000000000000000e+00,0.000000000000000000e+00,0.000000000000000000e+00,0.000000000000000000e+00,0.000000000000000000e+00
1.000000000000000000e+00,8.837455511093139648e-01,7.832889556884765625e-01,7.583025693893432617e-01,7.322337627410888672e-01,8.364278674125671387e-01,1.000000000000000000e+00,1.000000000000000000e+00,1.000000000000000000e+00,1.000000000000000000e+00,1.000000000000000000e+00,1.000000000000000000e+00,1.000000000000000000e+00,1.000000000000000000e+00,1.000000000000000000e+00,1.000000000000000000e+00,1.000000000000000000e+00,1.000000000000000000e+00,1.000000000000000000e+00,1.000000000000000000e+00
7.936504483222961426e-01,8.058359622955322266e-01,8.751656413078308105e-01,9.070512056350708008e-01,8.688614964485168457e-01,8.083702325820922852e-01,7.206350564956665039e-01,6.481461524963378906e-01,7.027294635772705078e-01,7.210510969161987305e-01,6.260406970977783203e-01,5.386333465576171875e-01,5.026489496231079102e-01,4.772030711174011230e-01,4.453636705875396729e-01,4.897830784320831299e-01,5.974360704421997070e-01,6.527957320213317871e-01,7.148725986480712891e-01,8.239001035690307617e-01
9.454894065856933594e-01,1.000000000000000000e+00,1.000000000000000000e+00,1.000000000000000000e+00,1.000000000000000000e+00,1.000000000000000000e+00,8.162482380867004395e-01,7.066171765327453613e-01,7.501770257949829102e-01,7.763019204139709473e-01,7.108680605888366699e-01,6.494320034980773926e-01,6.223495006561279297e-01,6.369417309761047363e-01,7.093695998191833496e-01,7.825780510902404785e-01,7.918086051940917969e-01,7.286980748176574707e-01,7.627357840538024902e-01,8.535910844802856445e-01
8.176873326301574707e-01,7.606791853904724121e-01,7.311885952949523926e-01,7.166432738304138184e-01,7.194234132766723633e-01,7.811970710754394531e-01,6.399839520454406738e-01,5.481662750244140625e-01,5.813710689544677734e-01,6.084029674530029297e-01,5.453261137008666992e-01,5.035909414291381836e-01,5.222318768501281738e-01,5.569231510162353516e-01,5.834810733795166016e-01,6.406857967376708984e-01,6.885583996772766113e-01,6.867728233337402344e-01,7.403485178947448730e-01,8.338021039962768555e-01
8.314539790153503418e-01,8.521615862846374512e-01,8.462397456169128418e-01,8.257905840873718262e-01,7.926294803619384766e-01,8.222042322158813477e-01,6.362161636352539062e-01,5.375866293907165527e-01,5.558528304100036621e-01,5.779412984848022461e-01,5.233649015426635742e-01,4.768568873405456543e-01,4.838505685329437256e-01,5.192747712135314941e-01,5.410367250442504883e-01,5.852917432785034180e-01,6.500494480133056641e-01,6.807102560997009277e-01,7.255802154541015625e-01,8.159030675888061523e-01
8.542485237121582031e-01,8.639267683029174805e-01,8.898035287857055664e-01,8.854864835739135742e-01,8.927672505378723145e-01,9.176682829856872559e-01,7.417705655097961426e-01,6.000971198081970215e-01,6.009581089019775391e-01,6.385288834571838379e-01,6.124586462974548340e-01,5.737935900688171387e-01,5.698072910308837891e-01,5.709670186042785645e-01,5.831249356269836426e-01,6.249954700469970703e-01,6.765054464340209961e-01,6.995659470558166504e-01,7.460501790046691895e-01,8.177747726440429688e-01
7.876411080360412598e-01,7.530754208564758301e-01,7.488353252410888672e-01,7.380741834640502930e-01,7.368946075439453125e-01,7.041710615158081055e-01,6.156803965568542480e-01,5.713834166526794434e-01,5.662767887115478516e-01,5.861564874649047852e-01,5.452033281326293945e-01,5.133676528930664062e-01,5.244159698486328125e-01,5.329622626304626465e-01,5.381978750228881836e-01,5.690769553184509277e-01,6.252894997596740723e-01,6.528741717338562012e-01,7.099383473396301270e-01,8.101816773414611816e-01
8.334241509437561035e-01,8.413453698158264160e-01,8.347211480140686035e-01,7.997677922248840332e-01,7.531406879425048828e-01,6.739178299903869629e-01,5.615903735160827637e-01,5.755384564399719238e-01,6.290352344512939453e-01,6.306248903274536133e-01,5.994046926498413086e-01,5.759119391441345215e-01,5.868306756019592285e-01,5.850837826728820801e-01,5.918218493461608887e-01,6.277306079864501953e-01,6.536457538604736328e-01,6.441350579261779785e-01,6.863150596618652344e-01,7.952227592468261719e-01
8.593981266021728516e-01,8.561102151870727539e-01,8.528351187705993652e-01,8.804069161415100098e-01,9.126157164573669434e-01,8.642120361328125000e-01,6.812564134597778320e-01,6.197850108146667480e-01,6.627008914947509766e-01,6.957456469535827637e-01,6.689532995223999023e-01,6.208235025405883789e-01,5.897932052612304688e-01,5.382180809974670410e-01,5.247391462326049805e-01,5.718177556991577148e-01,6.276744604110717773e-01,6.673740148544311523e-01,7.248328924179077148e-01,8.095062375068664551e-01
7.858486175537109375e-01,7.831187844276428223e-01,7.960754036903381348e-01,8.085047602653503418e-01,8.499120473861694336e-01,7.992352247238159180e-01,6.017395853996276855e-01,4.987317025661468506e-01,5.500319004058837891e-01,5.935326814651489258e-01,5.332505702972412109e-01,4.783567190170288086e-01,4.692209064960479736e-01,4.825026094913482666e-01,5.111317634582519531e-01,5.627581477165222168e-01,6.348967552185058594e-01,6.877890825271606445e-01,7.439423799514770508e-01,8.145019412040710449e-01
8.095834851264953613e-01,8.321822881698608398e-01,8.635397553443908691e-01,8.868700861930847168e-01,8.721140027046203613e-01,7.841593027114868164e-01,5.995443463325500488e-01,5.853661298751831055e-01,6.293864250183105469e-01,6.469339728355407715e-01,5.770810842514038086e-01,5.336995124816894531e-01,5.564649701118469238e-01,5.925787091255187988e-01,6.167383790016174316e-01,6.661982536315917969e-01,7.040603756904602051e-01,6.937177181243896484e-01,7.376998066902160645e-01,8.011718988418579102e-01
8.377589583396911621e-01,8.360089063644409180e-01,8.450371623039245605e-01,9.089286923408508301e-01,9.137507081031799316e-01,8.261668086051940918e-01,6.275357604026794434e-01,5.940476059913635254e-01,6.439105272293090820e-01,6.864820718765258789e-01,6.616815924644470215e-01,6.345537304878234863e-01,6.251521706581115723e-01,5.893531441688537598e-01,5.658383965492248535e-01,5.773600935935974121e-01,6.334196329116821289e-01,6.786869764328002930e-01,7.386133074760437012e-01,8.032276034355163574e-01
0.000000000000000000e+00,0.000000000000000000e+00,0.000000000000000000e+00,0.000000000000000000e+00,-0.000000000000000000e+00,-0.000000000000000000e+00,-0.000000000000000000e+00,-0.000000000000000000e+00,-0.000000000000000000e+00,-0.000000000000000000e+00,-0.000000000000000000e+00,-0.000000000000000000e+00,-0.000000000000000000e+00,-0.000000000000000000e+00,-0.000000000000000000e+00,-0.000000000000000000e+00,0.000000000000000000e+00,0.000000000000000000e+00,0.000000000000000000e+00,0.000000000000000000e+00
1.433851197361946106e-02,1.433851197361946106e-02,1.433851197361946106e-02,1.433851197361946106e-02,1.433851197361946106e-02,3.110519982874393463e-02,3.818401694297790527e-02,3.495387732982635498e-02,2.602968923747539520e-02,1.090480852872133255e-02,-3.469446951953614189e-18,-3.469446951953614189e-18,-3.469446951953614189e-18,-3.469446951953614189e-18,-3.469446951953614189e-18,-3.469446951953614189e-18,-3.109246522005967991e-17,-3.109246522005967991e-17,-3.109246522005967991e-17,-3.109246522005967991e-17
-2.074159123003482819e-02,-2.074159123003482819e-02,-2.074159123003482819e-02,-2.074159123003482819e-02,-2.074159123003482819e-02,-2.537474222481250763e-02,-3.411646932363510132e-02,-3.991129621863365173e-02,-3.983907774090766907e-02,-3.790568932890892029e-02,-3.660822659730911255e-02,-3.361062332987785339e-02,-2.562936581671237946e-02,-8.563686162233352661e-03,1.499948371201753616e-02,3.801659494638442993e-02,3.801659494638442993e-02,3.801659494638442993e-02,3.801659494638442993e-02,3.801659494638442993e-02
-3.381502628326416016e-02,-3.381502628326416016e-02,-3.381502628326416016e-02,-3.381502628326416016e-02,-3.381502628326416016e-02,-4.024631157517433167e-02,-4.367751255631446838e-02,-4.638558626174926758e-02,-4.505636170506477356e-02,-3.646014258265495300e-02,-1.698443107306957245e-02,-3.096961881965398788e-03,2.831125166267156601e-03,6.761974189430475235e-03,1.549706049263477325e-02,2.506244741380214691e-02,2.506244741380214691e-02,2.506244741380214691e-02,2.506244741380214691e-02,2.506244741380214691e-02
-2.834432199597358704e-02,-2.834432199597358704e-02,-2.834432199597358704e-02,-2.834432199597358704e-02,-2.834432199597358704e-02,-2.458251453936100006e-02,-2.628843858838081360e-02,-2.964503876864910126e-02,-2.917772531509399414e-02,-2.292579226195812225e-02,-7.047188468277454376e-03,4.172570537775754929e-03,1.092066522687673569e-02,1.797691918909549713e-02,2.910084836184978485e-02,3.899952024221420288e-02,3.899952024221420288e-02,3.899952024221420288e-02,3.899952024221420288e-02,3.899952024221420288e-02
-4.116271808743476868e-02,-4.116271808743476868e-02,-4.116271808743476868e-02,-4.116271808743476868e-02,-4.116271808743476868e-02,-4.501438513398170471e-02,-4.655363410711288452e-02,-4.620696231722831726e-02,-4.094175994396209717e-02,-3.037936799228191376e-02,-1.134570408612489700e-02,-1.745874615153297782e-04,7.943321950733661652e-03,1.775308884680271149e-02,3.031393513083457947e-02,4.188762232661247253e-02,4.188762232661247253e-02,4.188762232661247253e-02,4.188762232661247253e-02,4.188762232661247253e-02
-3.447557985782623291e-02,-3.447557985782623291e-02,-3.447557985782623291e-02,-3.447557985782623291e-02,-3.447557985782623291e-02,-4.149838536977767944e-02,-4.585736244916915894e-02,-4.644647613167762756e-02,-4.239426553249359131e-02,-3.239668905735015869e-02,-1.415016222745180130e-02,-2.194686792790889740e-03,3.334918525069952011e-03,9.200167842209339142e-03,1.965179853141307831e-02,3.092052973806858063e-02,3.092052973806858063e-02,3.092052973806858063e-02,3.092052973806858063e-02,3.092052973806858063e-02
-2.884577028453350067e-02,-2.884577028453350067e-02,-2.884577028453350067e-02,-2.884577028453350067e-02,-2.884577028453350067e-02,-2.783245220780372620e-02,-2.907173894345760345e-02,-2.932221256196498871e-02,-2.580843120813369751e-02,-1.826222427189350128e-02,-9.695067070424556732e-03,-3.677306463941931725e-03,3.173265838995575905e-03,1.053882949054241180e-02,2.192202396690845490e-02,3.451231122016906738e-02,3.451231122016906738e-02,3.451231122016906738e-02,3.451231122016906738e-02,3.451231122016906738e-02
-3.811813145875930786e-02,-3.811813145875930786e-02,-3.811813145875930786e-02,-3.811813145875930786e-02,-3.811813145875930786e-02,-3.499914333224296570e-02,-2.992141433060169220e-02,-2.292953990399837494e-02,-1.380904391407966614e-02,-5.141647532582283020e-03,1.739968865877017379e-04,-1.087963610189035535e-04,1.396089792251586914e-03,5.423205904662609100e-03,1.214313041418790817e-02,2.259371429681777954e-02,2.259371429681777954e-02,2.259371429681777954e-02,2.259371429681777954e-02,2.259371429681777954e-02
-3.091861493885517120e-02,-3.091861493885517120e-02,-3.091861493885517120e-02,-3.091861493885517120e-02,-3.091861493885517120e-02,-3.274106606841087341e-02,-3.389612957835197449e-02,-3.541348502039909363e-02,-3.283502161502838135e-02,-2.616726793348789215e-02,-1.819179020822048187e-02,-1.666615717113018036e-02,-1.471538562327623367e-02,-6.673143245279788971e-03,7.875534705817699432e-03,2.535161934792995453e-02,2.535161934792995453e-02,2.535161934792995453e-02,2.535161934792995453e-02,2.535161934792995453e-02
-3.657282143831253052e-02,-3.657282143831253052e-02,-3.657282143831253052e-02,-3.657282143831253052e-02,-3.657282143831253052e-02,-3.940322622656822205e-02,-4.327465593814849854e-02,-4.556148871779441833e-02,-4.212628677487373352e-02,-2.870029583573341370e-02,-1.146527566015720367e-02,-2.444740617647767067e-03,3.450735006481409073e-03,1.487796474248170853e-02,3.137785941362380981e-02,4.505138844251632690e-02,4.505138844251632690e-02,4.505138844251632690e-02,4.505138844251632690e-02,4.505138844251632690e-02
-3.486564010381698608e-02,-3.486564010381698608e-02,-3.486564010381698608e-02,-3.486564010381698608e-02,-3.486564010381698608e-02,-3.865051269531250000e-02,-4.249818995594978333e-02,-4.237316176295280457e-02,-3.328890353441238403e-02,-1.751998439431190491e-02,-2.811058424413204193e-03,2.600961830466985703e-03,8.244707249104976654e-03,1.488906238228082657e-02,2.485566399991512299e-02,3.171990066766738892e-02,3.171990066766738892e-02,3.171990066766738892e-02,3.171990066766738892e-02,3.171990066766738892e-02
-3.365070372819900513e-02,-3.365070372819900513e-02,-3.365070372819900513e-02,-3.365070372819900513e-02,-3.365070372819900513e-02,-3.529107198119163513e-02,-3.620936349034309387e-02,-3.527836501598358154e-02,-2.614178694784641266e-02,-1.426036842167377472e-02,-5.838631652295589447e-03,-8.862561546266078949e-03,-1.010360848158597946e-02,-4.827788565307855606e-03,7.411141414195299149e-03,2.102212980389595032e-02,2.102212980389595032e-02,2.102212980389595032e-02,2.102212980389595032e-02,2.102212980389595032e-02
0.000000000000000000e+00,0.000000000000000000e+00,0.000000000000000000e+00,0.000000000000000000e+00,0.000000000000000000e+00,0.000000000000000000e+00,0.000000000000000000e+00,0.000000000000000000e+00,0.000000000000000000e+00,0.000000000000000000e+00,0.000000000000000000e+00,0.000000000000000000e+00,0.000000000000000000e+00,0.000000000000000000e+00,0.000000000000000000e+00,0.000000000000000000e+00,0.000000000000000000e+00,0.000000000000000000e+00,0.000000000000000000e+00,0.000000000000000000e+00
2.849526889622211456e-02,2.849526889622211456e-02,2.849526889622211456e-02,2.849526889622211456e-02,2.849526889622211456e-02,1.078992709517478943e-02,-6.140551995486021042e-03,-1.587297581136226654e-02,-1.870662160217761993e-02,-9.913462214171886444e-03,1.387778780781445676e-17,1.387778780781445676e-17,1.387778780781445676e-17,1.387778780781445676e-17,1.387778780781445676e-17,1.387778780781445676e-17,-3.743857833595425717e-17,-3.743857833595425717e-17,-3.743857833595425717e-17,-3.743857833595425717e-17
-1.564780808985233307e-02,-1.564780808985233307e-02,-1.564780808985233307e-02,-1.564780808985233307e-02,-1.564780808985233307e-02,-3.966063726693391800e-03,3.645641263574361801e-03,3.350632730871438980e-03,-5.909762112423777580e-04,-4.210628103464841843e-03,-6.608372088521718979e-03,7.624375284649431705e-04,1.945246942341327667e-02,2.845117077231407166e-02,2.540878206491470337e-02,2.188385277986526489e-02,2.188385277986526489e-02,2.188385277986526489e-02,2.188385277986526489e-02,2.188385277986526489e-02
-1.970780454576015472e-02,-1.970780454576015472e-02,-1.970780454576015472e-02,-1.970780454576015472e-02,-1.970780454576015472e-02,-5.501005332916975021e-03,2.163519850000739098e-03,6.900831591337919235e-03,9.830551221966743469e-03,1.015661098062992096e-02,5.816367454826831818e-03,1.072511915117502213e-02,1.820457354187965393e-02,1.260735187679529190e-02,2.760443836450576782e-03,-6.849902565591037273e-04,-6.849902565591037273e-04,-6.849902565591037273e-04,-6.849902565591037273e-04,-6.849902565591037273e-04
-5.380045622587203979e-03,-5.380045622587203979e-03,-5.380045622587203979e-03,-5.380045622587203979e-03,-5.380045622587203979e-03,-2.879058709368109703e-03,-1.704494003206491470e-03,3.823453444056212902e-04,6.468149833381175995e-03,1.269893441349267960e-02,7.258451078087091446e-03,8.439198136329650879e-03,1.471387874335050583e-02,1.258077193051576614e-02,5.662641022354364395e-03,4.106305539608001709e-03,4.106305539608001709e-03,4.106305539608001709e-03,4.106305539608001709e-03,4.106305539608001709e-03
-1.548770722001791000e-02,-1.548770722001791000e-02,-1.548770722001791000e-02,-1.548770722001791000e-02,-1.548770722001791000e-02,-3.861362580209970474e-03,3.347244346514344215e-03,7.506537251174449921e-03,1.185538806021213531e-02,1.597576588392257690e-02,7.888779975473880768e-03,7.968164980411529541e-03,1.467842515558004379e-02,1.547700352966785431e-02,9.532181546092033386e-03,6.729684304445981979e-03,6.729684304445981979e-03,6.729684304445981979e-03,6.729684304445981979e-03,6.729684304445981979e-03
-2.287362702190876007e-02,-2.287362702190876007e-02,-2.287362702190876007e-02,-2.287362702190876007e-02,-2.287362702190876007e-02,-1.195040624588727951e-02,3.121697809547185898e-04,8.914536796510219574e-03,1.619628258049488068e-02,1.747412420809268951e-02,6.644469220191240311e-03,2.902194624766707420e-03,9.073387831449508667e-03,1.272706314921379089e-02,1.079524029046297073e-02,8.868023753166198730e-03,8.868023753166198730e-03,8.868023753166198730e-03,8.868023753166198730e-03,8.868023753166198730e-03
-6.474619265645742416e-03,-6.474619265645742416e-03,-6.474619265645742416e-03,-6.474619265645742416e-03,-6.474619265645742416e-03,-1.836750772781670094e-03,2.336129313334822655e-03,4.700208082795143127e-03,7.681132294237613678e-03,7.195037323981523514e-03,3.717515850439667702e-03,4.892601631581783295e-03,9.756174869835376740e-03,1.191140897572040558e-02,9.981367737054824829e-03,1.093581318855285645e-02,1.093581318855285645e-02,1.093581318855285645e-02,1.093581318855285645e-02,1.093581318855285645e-02
-9.067357750609517097e-04,-9.067357750609517097e-04,-9.067357750609517097e-04,-9.067357750609517097e-04,-9.067357750609517097e-04,1.002213731408119202e-02,1.436861604452133179e-02,1.255217287689447403e-02,8.429793640971183777e-03,1.262798206880688667e-03,-3.909630700945854187e-03,1.791393849998712540e-03,8.052387274801731110e-03,6.702863145619630814e-03,4.680495709180831909e-03,8.100605569779872894e-03,8.100605569779872894e-03,8.100605569779872894e-03,8.100605569779872894e-03,8.100605569779872894e-03
-1.565699093043804169e-02,-1.565699093043804169e-02,-1.565699093043804169e-02,-1.565699093043804169e-02,-1.565699093043804169e-02,-5.023563280701637268e-03,4.734919406473636627e-03,1.165108010172843933e-02,1.308004744350910187e-02,3.652572166174650192e-03,-8.456270210444927216e-03,-4.350460600107908249e-03,8.559184148907661438e-03,1.729697734117507935e-02,1.934688910841941833e-02,1.857032999396324158e-02,1.857032999396324158e-02,1.857032999396324158e-02,1.857032999396324158e-02,1.857032999396324158e-02
-1.977214775979518890e-02,-1.977214775979518890e-02,-1.977214775979518890e-02,-1.977214775979518890e-02,-1.977214775979518890e-02,-6.821821909397840500e-03,3.756728023290634155e-03,1.086010225117206573e-02,1.564894430339336395e-02,1.143337599933147430e-02,2.138277748599648476e-03,4.182748030871152878e-03,1.557998452335596085e-02,2.036596089601516724e-02,1.536669675260782242e-02,9.939836338162422180e-03,9.939836338162422180e-03,9.939836338162422180e-03,9.939836338162422180e-03,9.939836338162422180e-03
-1.588843390345573425e-02,-1.588843390345573425e-02,-1.588843390345573425e-02,-1.588843390345573425e-02,-1.588843390345573425e-02,-1.327985199168324471e-03,8.201708085834980011e-03,1.271087117493152618e-02,1.358309388160705566e-02,9.176574647426605225e-03,2.602441702038049698e-03,8.455198258161544800e-03,1.450617145746946335e-02,1.106282323598861694e-02,3.436378436163067818e-03,7.957524503581225872e-04,7.957524503581225872e-04,7.957524503581225872e-04,7.957524503581225872e-04,7.957524503581225872e-04
-1.743523776531219482e-02,-1.743523776531219482e-02,-1.743523776531219482e-02,-1.743523776531219482e-02,-1.743523776531219482e-02,-3.672370687127113342e-03,9.091667830944061279e-03,1.872035488486289978e-02,1.808088831603527069e-02,5.735618993639945984e-03,-8.972858078777790070e-03,-7.589333690702915192e-03,3.208916634321212769e-03,1.203729212284088135e-02,1.554431766271591187e-02,1.672148518264293671e-02,1.672148518264293671e-02,1.672148518264293671e-02,1.672148518264293671e-02,1.672148518264293671e-02
