0.000000000000000000e+00,0.000000000000000000e+00,0.000000000000000000e+00,0.000000000000000000e+00,0.000000000000000000e+00,0.000000000000000000e+00,0.000000000000000000e+00,0.000000000000000000e+00,0.000000000000000000e+00,0.000000000000000000e+00,0.000000000000000000e+00,0.000000000000000000e+00,0.000000000000000000e+00,0.000000000000000000e+00,0.000000000000000000e+00,0.000000000000000000e+00,0.000000000000000000e+00,0.000000000000000000e+00,0.000000000000000000e+00,0.000000000000000000e+00
9.318592548370361328e-01,9.231477379798889160e-01,9.205818176269531250e-01,9.098831415176391602e-01,9.937445521354675293e-01,1.000000000000000000e+00,1.000000000000000000e+00,1.000000000000000000e+00,1.000000000000000000e+00,1.000000000000000000e+00,1.000000000000000000e+00,1.000000000000000000e+00,1.000000000000000000e+00,1.000000000000000000e+00,1.000000000000000000e+00,1.000000000000000000e+00,1.000000000000000000e+00,1.000000000000000000e+00,1.000000000000000000e+00,1.000000000000000000e+00
9.909481406211853027e-01,9.890308380126953125e-01,9.726782441139221191e-01,9.308444857597351074e-01,9.231988191604614258e-01,7.478655576705932617e-01,7.244360446929931641e-01,7.485201358795166016e-01,7.614084482192993164e-01,7.190837860107421875e-01,7.136008739471435547e-01,7.691850662231445312e-01,8.049493432044982910e-01,8.397329449653625488e-01,8.674163222312927246e-01,8.632160425186157227e-01,9.022974371910095215e-01,9.102805256843566895e-01,8.541135191917419434e-01,8.413577079772949219e-01
1.000000000000000000e+00,9.906124472618103027e-01,9.636035561561584473e-01,9.858356714248657227e-01,1.000000000000000000e+00,7.381817102432250977e-01,6.914585232734680176e-01,6.842194199562072754e-01,6.560349464416503906e-01,6.378604769706726074e-01,6.656689047813415527e-01,7.211858630180358887e-01,7.692954540252685547e-01,8.063735365867614746e-01,8.239433765411376953e-01,8.432574868202209473e-01,8.850581049919128418e-01,8.875868916511535645e-01,8.152986168861389160e-01,8.027143478393554688e-01
9.417248368263244629e-01,9.485997557640075684e-01,9.458226561546325684e-01,9.058210849761962891e-01,8.890753984451293945e-01,6.517212986946105957e-01,6.004077792167663574e-01,6.041371822357177734e-01,6.076638102531433105e-01,5.858489274978637695e-01,5.759006142616271973e-01,6.296302080154418945e-01,7.189539670944213867e-01,7.662279009819030762e-01,8.003783226013183594e-01,8.229259252548217773e-01,8.641989827156066895e-01,8.734062910079956055e-01,8.158845901489257812e-01,7.990370392799377441e-01
9.975943565368652344e-01,9.841279983520507812e-01,9.335907101631164551e-01,9.100179076194763184e-01,9.031728506088256836e-01,6.869056820869445801e-01,6.134363412857055664e-01,6.087419986724853516e-01,5.907865762710571289e-01,5.517594218254089355e-01,5.590421557426452637e-01,6.132853627204895020e-01,6.662240624427795410e-01,7.355449795722961426e-01,7.866917848587036133e-01,8.229340314865112305e-01,8.609213829040527344e-01,8.741520047187805176e-01,8.749606609344482422e-01,8.718640208244323730e-01
9.711565375328063965e-01,9.555388689041137695e-01,9.402249455451965332e-01,9.116370081901550293e-01,8.796643614768981934e-01,6.946022510528564453e-01,6.914801001548767090e-01,7.124806046485900879e-01,6.952002644538879395e-01,7.109284996986389160e-01,7.333719134330749512e-01,7.609825730323791504e-01,7.825042009353637695e-01,8.036558628082275391e-01,8.177468180656433105e-01,8.116192817687988281e-01,8.451722860336303711e-01,8.596643209457397461e-01,8.678577542304992676e-01,8.716356158256530762e-01
9.660438895225524902e-01,9.544551372528076172e-01,8.984633088111877441e-01,8.330983519554138184e-01,7.854969501495361328e-01,6.333461999893188477e-01,6.566438078880310059e-01,6.908003687858581543e-01,6.838659048080444336e-01,6.657923460006713867e-01,6.659449338912963867e-01,6.938169002532958984e-01,7.169718742370605469e-01,7.776674032211303711e-01,8.029319047927856445e-01,8.019420504570007324e-01,8.305924534797668457e-01,8.556838631629943848e-01,8.606784939765930176e-01,8.576651811599731445e-01
9.741229414939880371e-01,9.765145182609558105e-01,9.544758200645446777e-01,9.164192080497741699e-01,8.348074555397033691e-01,5.835455656051635742e-01,5.522415637969970703e-01,6.224163770675659180e-01,6.379506587982177734e-01,6.323982477188110352e-01,6.522508859634399414e-01,6.872423887252807617e-01,7.099406719207763672e-01,7.223725318908691406e-01,7.576649188995361328e-01,7.873889207839965820e-01,8.268647193908691406e-01,8.471595644950866699e-01,8.246253132820129395e-01,8.179782629013061523e-01
9.726366400718688965e-01,1.000000000000000000e+00,1.000000000000000000e+00,1.000000000000000000e+00,9.399598240852355957e-01,6.522101759910583496e-01,6.284953951835632324e-01,6.676156520843505859e-01,6.600688695907592773e-01,6.707683205604553223e-01,6.843335032463073730e-01,6.928470134735107422e-01,7.112939357757568359e-01,7.514147162437438965e-01,7.754713892936706543e-01,7.933590412139892578e-01,8.347449302673339844e-01,8.479138612747192383e-01,8.147993087768554688e-01,8.098862767219543457e-01
8.961654901504516602e-01,8.955890536308288574e-01,8.771143555641174316e-01,8.492742180824279785e-01,8.195536732673645020e-01,5.959324836730957031e-01,5.525726675987243652e-01,6.079176664352416992e-01,6.394582390785217285e-01,6.384151577949523926e-01,6.439647674560546875e-01,6.797379851341247559e-01,7.300539612770080566e-01,7.561036348342895508e-01,7.703640460968017578e-01,7.891426086425781250e-01,8.100765347480773926e-01,8.298172354698181152e-01,8.085697889328002930e-01,8.057793974876403809e-01
9.552580714225769043e-01,9.691632986068725586e-01,9.463912844657897949e-01,9.034287333488464355e-01,8.498041033744812012e-01,6.464136242866516113e-01,6.128796935081481934e-01,6.361489295959472656e-01,6.188394427299499512e-01,5.933741927146911621e-01,6.123221516609191895e-01,6.553405523300170898e-01,7.161232829093933105e-01,7.668498754501342773e-01,7.764762639999389648e-01,7.830752730369567871e-01,8.138277530670166016e-01,8.377693295478820801e-01,8.163473010063171387e-01,8.108808994293212891e-01
9.212461709976196289e-01,9.298748970031738281e-01,9.186407923698425293e-01,9.067422747611999512e-01,8.340260982513427734e-01,6.372449994087219238e-01,6.381620764732360840e-01,6.590580344200134277e-01,6.687626838684082031e-01,6.789830923080444336e-01,6.708505153656005859e-01,6.670749783515930176e-01,6.797997951507568359e-01,7.059592008590698242e-01,7.408592700958251953e-01,7.676224112510681152e-01,8.171912431716918945e-01,8.344501852989196777e-01,8.219453692436218262e-01,8.221349716186523438e-01
0.000000000000000000e+00,0.000000000000000000e+00,0.000000000000000000e+00,0.000000000000000000e+00,-0.000000000000000000e+00,-0.000000000000000000e+00,-0.000000000000000000e+00,-0.000000000000000000e+00,-0.000000000000000000e+00,-0.000000000000000000e+00,-0.000000000000000000e+00,-0.000000000000000000e+00,-0.000000000000000000e+00,-0.000000000000000000e+00,-0.000000000000000000e+00,-0.000000000000000000e+00,0.000000000000000000e+00,0.000000000000000000e+00,0.000000000000000000e+00,0.000000000000000000e+00
1.253454945981502533e-02,1.253454945981502533e-02,1.253454945981502533e-02,1.253454945981502533e-02,1.253454945981502533e-02,1.220254600048065186e-02,1.000890322029590607e-02,6.320563144981861115e-03,4.170298634562641382e-04,-3.469446951953614189e-18,-3.469446951953614189e-18,-3.469446951953614189e-18,-3.469446951953614189e-18,-3.469446951953614189e-18,-3.469446951953614189e-18,-3.469446951953614189e-18,-3.109246522005967991e-17,-3.109246522005967991e-17,-3.109246522005967991e-17,-3.109246522005967991e-17
-3.865256905555725098e-02,-3.865256905555725098e-02,-3.865256905555725098e-02,-3.865256905555725098e-02,-3.865256905555725098e-02,-3.795015066862106323e-02,-3.324196115136146545e-02,-2.160037681460380554e-02,-7.669101003557443619e-03,1.004219520837068558e-02,1.637904345989227295e-02,1.849090121686458588e-02,2.290219254791736603e-02,2.635676041245460510e-02,2.005860395729541779e-02,1.020265650004148483e-02,1.020265650004148483e-02,1.020265650004148483e-02,1.020265650004148483e-02,1.020265650004148483e-02
-5.144972354173660278e-02,-5.144972354173660278e-02,-5.144972354173660278e-02,-5.144972354173660278e-02,-5.144972354173660278e-02,-5.409146100282669067e-02,-4.962594434618949890e-02,-3.829430788755416870e-02,-1.786239817738533020e-02,9.830748662352561951e-03,2.010413631796836853e-02,2.634217031300067902e-02,3.223367035388946533e-02,3.259773924946784973e-02,2.276885323226451874e-02,1.146108098328113556e-02,1.146108098328113556e-02,1.146108098328113556e-02,1.146108098328113556e-02,1.146108098328113556e-02
-5.524269118905067444e-02,-5.524269118905067444e-02,-5.524269118905067444e-02,-5.524269118905067444e-02,-5.524269118905067444e-02,-5.595858767628669739e-02,-5.083353072404861450e-02,-3.614627569913864136e-02,-1.356769260019063950e-02,1.388146355748176575e-02,2.587526477873325348e-02,3.261849656701087952e-02,3.871541470289230347e-02,4.138567298650741577e-02,3.397420421242713928e-02,2.077661082148551941e-02,2.077661082148551941e-02,2.077661082148551941e-02,2.077661082148551941e-02,2.077661082148551941e-02
-6.028016656637191772e-02,-6.028016656637191772e-02,-6.028016656637191772e-02,-6.028016656637191772e-02,-6.028016656637191772e-02,-6.083625182509422302e-02,-5.459843203425407410e-02,-4.187107458710670471e-02,-2.224045060575008392e-02,5.504377651959657669e-03,2.143052779138088226e-02,3.198727965354919434e-02,4.119369760155677795e-02,4.558288305997848511e-02,4.205096140503883362e-02,3.353280201554298401e-02,3.353280201554298401e-02,3.353280201554298401e-02,3.353280201554298401e-02,3.353280201554298401e-02
-4.245873913168907166e-02,-4.245873913168907166e-02,-4.245873913168907166e-02,-4.245873913168907166e-02,-4.245873913168907166e-02,-3.833354264497756958e-02,-2.967645786702632904e-02,-1.675204001367092133e-02,-1.787802553735673428e-03,1.407437212765216827e-02,1.672090962529182434e-02,1.664635725319385529e-02,1.855639182031154633e-02,1.778100803494453430e-02,1.612146943807601929e-02,1.396858692169189453e-02,1.396858692169189453e-02,1.396858692169189453e-02,1.396858692169189453e-02,1.396858692169189453e-02
-4.338445514440536499e-02,-4.338445514440536499e-02,-4.338445514440536499e-02,-4.338445514440536499e-02,-4.338445514440536499e-02,-3.686487302184104919e-02,-2.629665657877922058e-02,-1.372779067605733871e-02,-1.651566242799162865e-03,1.243968494236469269e-02,1.566649973392486572e-02,1.794236339628696442e-02,2.255299501121044159e-02,2.592865005135536194e-02,2.526751533150672913e-02,2.117010764777660370e-02,2.117010764777660370e-02,2.117010764777660370e-02,2.117010764777660370e-02,2.117010764777660370e-02
-5.907209590077400208e-02,-5.907209590077400208e-02,-5.907209590077400208e-02,-5.907209590077400208e-02,-5.907209590077400208e-02,-5.327687039971351624e-02,-4.026342183351516724e-02,-2.134937606751918793e-02,3.603975055739283562e-04,1.953929103910923004e-02,2.200643345713615417e-02,2.094452269375324249e-02,2.444310858845710754e-02,2.718173526227474213e-02,2.446856163442134857e-02,1.976285502314567566e-02,1.976285502314567566e-02,1.976285502314567566e-02,1.976285502314567566e-02,1.976285502314567566e-02
-5.563705414533615112e-02,-5.563705414533615112e-02,-5.563705414533615112e-02,-5.563705414533615112e-02,-5.563705414533615112e-02,-5.521588772535324097e-02,-4.657895863056182861e-02,-3.211335092782974243e-02,-1.129873562604188919e-02,1.199901942163705826e-02,1.606383360922336578e-02,1.729057170450687408e-02,2.178866416215896606e-02,2.375029958784580231e-02,2.126516774296760559e-02,1.718241721391677856e-02,1.718241721391677856e-02,1.718241721391677856e-02,1.718241721391677856e-02,1.718241721391677856e-02
-4.653780534863471985e-02,-4.653780534863471985e-02,-4.653780534863471985e-02,-4.653780534863471985e-02,-4.653780534863471985e-02,-4.152263328433036804e-02,-3.188968822360038757e-02,-1.721767894923686981e-02,1.778322504833340645e-03,2.202126011252403259e-02,2.563729509711265564e-02,2.398472279310226440e-02,2.439699508249759674e-02,2.538438327610492706e-02,2.169569954276084900e-02,1.544754672795534134e-02,1.544754672795534134e-02,1.544754672795534134e-02,1.544754672795534134e-02,1.544754672795534134e-02
-5.447926372289657593e-02,-5.447926372289657593e-02,-5.447926372289657593e-02,-5.447926372289657593e-02,-5.447926372289657593e-02,-5.428826436400413513e-02,-4.564390331506729126e-02,-3.008196130394935608e-02,-9.197205305099487305e-03,1.372236199676990509e-02,2.171705290675163269e-02,2.518947236239910126e-02,2.981456741690635681e-02,3.163199499249458313e-02,2.625035494565963745e-02,1.836706325411796570e-02,1.836706325411796570e-02,1.836706325411796570e-02,1.836706325411796570e-02,1.836706325411796570e-02
-4.421398788690567017e-02,-4.421398788690567017e-02,-4.421398788690567017e-02,-4.421398788690567017e-02,-4.421398788690567017e-02,-4.074056819081306458e-02,-3.305254131555557251e-02,-2.223531901836395264e-02,-7.368555758148431778e-03,6.964861415326595306e-03,9.360972791910171509e-03,1.189081277698278427e-02,1.730889827013015747e-02,2.205074764788150787e-02,2.404918521642684937e-02,2.299984358251094818e-02,2.299984358251094818e-02,2.299984358251094818e-02,2.299984358251094818e-02,2.299984358251094818e-02
0.000000000000000000e+00,0.000000000000000000e+00,0.000000000000000000e+00,0.000000000000000000e+00,0.000000000000000000e+00,0.000000000000000000e+00,0.000000000000000000e+00,0.000000000000000000e+00,0.000000000000000000e+00,0.000000000000000000e+00,0.000000000000000000e+00,0.000000000000000000e+00,0.000000000000000000e+00,0.000000000000000000e+00,0.000000000000000000e+00,0.000000000000000000e+00,0.000000000000000000e+00,0.000000000000000000e+00,0.000000000000000000e+00,0.000000000000000000e+00
-3.321768017485737801e-04,-3.321768017485737801e-04,-3.321768017485737801e-04,-3.321768017485737801e-04,-3.321768017485737801e-04,-4.070374649018049240e-03,-6.070310715585947037e-03,-5.556407384574413300e-03,-3.791180497501045465e-04,1.387778780781445676e-17,1.387778780781445676e-17,1.387778780781445676e-17,1.387778780781445676e-17,1.387778780781445676e-17,1.387778780781445676e-17,1.387778780781445676e-17,-3.743857833595425717e-17,-3.743857833595425717e-17,-3.743857833595425717e-17,-3.743857833595425717e-17
1.406666357070207596e-03,1.406666357070207596e-03,1.406666357070207596e-03,1.406666357070207596e-03,1.406666357070207596e-03,7.713843137025833130e-03,1.160428021103143692e-02,1.535296812653541565e-02,1.585664972662925720e-02,7.705584168434143066e-03,7.762310560792684555e-03,6.192202214151620865e-03,3.379075787961483002e-03,-2.923366148024797440e-03,-9.316388517618179321e-03,-1.004529185593128204e-02,-1.004529185593128204e-02,-1.004529185593128204e-02,-1.004529185593128204e-02,-1.004529185593128204e-02
-9.645001031458377838e-03,-9.645001031458377838e-03,-9.645001031458377838e-03,-9.645001031458377838e-03,-9.645001031458377838e-03,1.208691901410929859e-04,1.239660754799842834e-02,2.566270716488361359e-02,2.879387326538562775e-02,1.515889074653387070e-02,1.092120073735713959e-02,5.968004930764436722e-03,5.348789272829890251e-04,-4.676325246691703796e-03,-1.088511571288108826e-02,-1.235604751855134964e-02,-1.235604751855134964e-02,-1.235604751855134964e-02,-1.235604751855134964e-02,-1.235604751855134964e-02
-5.146171431988477707e-03,-5.146171431988477707e-03,-5.146171431988477707e-03,-5.146171431988477707e-03,-5.146171431988477707e-03,7.367234211415052414e-03,1.670623011887073517e-02,2.321849763393402100e-02,2.640860527753829956e-02,1.565020903944969177e-02,1.303131319582462311e-02,9.507175534963607788e-03,4.230916500091552734e-03,-3.969291690737009048e-03,-1.341377478092908859e-02,-1.542608998715877533e-02,-1.542608998715877533e-02,-1.542608998715877533e-02,-1.542608998715877533e-02,-1.542608998715877533e-02
-4.248091485351324081e-03,-4.248091485351324081e-03,-4.248091485351324081e-03,-4.248091485351324081e-03,-4.248091485351324081e-03,4.339695908129215240e-03,1.251027826219797134e-02,2.236373722553253174e-02,2.623456157743930817e-02,1.824187301099300385e-02,1.638724468648433685e-02,1.371343992650508881e-02,7.035083137452602386e-03,-2.240171888843178749e-03,-8.400437422096729279e-03,-1.076451223343610764e-02,-1.076451223343610764e-02,-1.076451223343610764e-02,-1.076451223343610764e-02,-1.076451223343610764e-02
8.249605307355523109e-04,8.249605307355523109e-04,8.249605307355523109e-04,8.249605307355523109e-04,8.249605307355523109e-04,9.771906770765781403e-03,1.703407615423202515e-02,1.960428059101104736e-02,1.564726606011390686e-02,4.279469605535268784e-03,2.943174680694937706e-03,3.446019254624843597e-04,-1.882297336123883724e-03,-1.800413476303219795e-03,-1.422222470864653587e-03,-1.174737932160496712e-03,-1.174737932160496712e-03,-1.174737932160496712e-03,-1.174737932160496712e-03,-1.174737932160496712e-03
1.003010664135217667e-02,1.003010664135217667e-02,1.003010664135217667e-02,1.003010664135217667e-02,1.003010664135217667e-02,1.530027575790882111e-02,1.492942683398723602e-02,1.280506327748298645e-02,8.742780424654483795e-03,3.861734410747885704e-03,7.594017777591943741e-03,7.079590111970901489e-03,3.405388444662094116e-03,-6.075505516491830349e-04,-3.680848749354481697e-03,-5.174273625016212463e-03,-5.174273625016212463e-03,-5.174273625016212463e-03,-5.174273625016212463e-03,-5.174273625016212463e-03
4.504951648414134979e-03,4.504951648414134979e-03,4.504951648414134979e-03,4.504951648414134979e-03,4.504951648414134979e-03,1.869072206318378448e-02,2.706021815538406372e-02,2.792811021208763123e-02,1.822870597243309021e-02,7.409546524286270142e-04,-3.704227274283766747e-04,3.254516981542110443e-03,3.272180212661623955e-03,1.271930406801402569e-03,-2.208525780588388443e-03,-5.092854611575603485e-03,-5.092854611575603485e-03,-5.092854611575603485e-03,-5.092854611575603485e-03,-5.092854611575603485e-03
-5.466815549880266190e-03,-5.466815549880266190e-03,-5.466815549880266190e-03,-5.466815549880266190e-03,-5.466815549880266190e-03,1.158685609698295593e-02,2.391675300896167755e-02,2.798276208341121674e-02,1.990036666393280029e-02,3.303277539089322090e-03,3.041665302589535713e-03,4.320350941270589828e-03,3.564741695299744606e-03,2.085923915728926659e-03,-2.982354490086436272e-03,-7.091562729328870773e-03,-7.091562729328870773e-03,-7.091562729328870773e-03,-7.091562729328870773e-03,-7.091562729328870773e-03
2.434908878058195114e-03,2.434908878058195114e-03,2.434908878058195114e-03,2.434908878058195114e-03,2.434908878058195114e-03,1.442812476307153702e-02,2.124467492103576660e-02,2.328855171799659729e-02,1.898178458213806152e-02,4.215710330754518509e-03,7.497417973354458809e-04,1.898734364658594131e-03,5.516466917470097542e-04,-2.362397033721208572e-03,-5.973283201456069946e-03,-6.434753537178039551e-03,-6.434753537178039551e-03,-6.434753537178039551e-03,-6.434753537178039551e-03,-6.434753537178039551e-03
-1.094489125534892082e-03,-1.094489125534892082e-03,-1.094489125534892082e-03,-1.094489125534892082e-03,-1.094489125534892082e-03,9.950533509254455566e-03,1.798980683088302612e-02,2.229419350624084473e-02,2.138084359467029572e-02,1.243561040610074997e-02,9.888880886137485504e-03,6.349159404635429382e-03,3.024620818905532360e-04,-4.682789091020822525e-03,-7.929323241114616394e-03,-8.121498860418796539e-03,-8.121498860418796539e-03,-8.121498860418796539e-03,-8.121498860418796539e-03,-8.121498860418796539e-03
5.628785002045333385e-04,5.628785002045333385e-04,5.628785002045333385e-04,5.628785002045333385e-04,5.628785002045333385e-04,1.268689706921577454e-02,1.901110634207725525e-02,1.877124048769474030e-02,1.065651793032884598e-02,-2.742416108958423138e-04,2.335976110771298409e-03,5.264746490865945816e-03,7.579422555863857269e-03,6.589733529835939407e-03,1.006406499072909355e-03,-4.226163029670715332e-03,-4.226163029670715332e-03,-4.226163029670715332e-03,-4.226163029670715332e-03,-4.226163029670715332e-03
