0.000000000000000000e+00,0.000000000000000000e+00,0.000000000000000000e+00,0.000000000000000000e+00,0.000000000000000000e+00,0.000000000000000000e+00,0.000000000000000000e+00,0.000000000000000000e+00,0.000000000000000000e+00,0.000000000000000000e+00,0.000000000000000000e+00,0.000000000000000000e+00,0.000000000000000000e+00,0.000000000000000000e+00,0.000000000000000000e+00,0.000000000000000000e+00,0.000000000000000000e+00,0.000000000000000000e+00,0.000000000000000000e+00
1.000000000000000000e+00,8.677213788032531738e-01,7.190184593200683594e-01,6.406105160713195801e-01,5.855002403259277344e-01,7.704567313194274902e-01,1.000000000000000000e+00,1.000000000000000000e+00,1.000000000000000000e+00,1.000000000000000000e+00,1.000000000000000000e+00,1.000000000000000000e+00,1.000000000000000000e+00,1.000000000000000000e+00,1.000000000000000000e+00,1.000000000000000000e+00,1.000000000000000000e+00,1.000000000000000000e+00,1.000000000000000000e+00
8.027486205101013184e-01,8.763434886932373047e-01,8.819812536239624023e-01,9.073897600173950195e-01,8.096474409103393555e-01,7.925493121147155762e-01,7.456295490264892578e-01,6.385665535926818848e-01,6.784409284591674805e-01,6.633827090263366699e-01,6.020346283912658691e-01,5.570322275161743164e-01,5.297912955284118652e-01,4.965913891792297363e-01,4.819602668285369873e-01,5.151737332344055176e-01,5.774077177047729492e-01,6.727745532989501953e-01,8.098837137222290039e-01
9.025833606719970703e-01,1.000000000000000000e+00,1.000000000000000000e+00,1.000000000000000000e+00,1.000000000000000000e+00,1.000000000000000000e+00,8.174035549163818359e-01,6.814233064651489258e-01,7.448161244392395020e-01,7.407110333442687988e-01,7.122157812118530273e-01,6.899097561836242676e-01,6.544609665870666504e-01,6.483705043792724609e-01,7.057314515113830566e-01,7.617753148078918457e-01,7.764036655426025391e-01,8.094608187675476074e-01,8.272442817687988281e-01
7.710396647453308105e-01,7.752282023429870605e-01,7.199730277061462402e-01,6.723767518997192383e-01,6.822312474250793457e-01,6.253286004066467285e-01,5.163300633430480957e-01,5.118994116783142090e-01,5.829376578330993652e-01,5.846264958381652832e-01,5.473006963729858398e-01,5.271508693695068359e-01,5.462918877601623535e-01,5.731362104415893555e-01,5.634161233901977539e-01,5.884544849395751953e-01,6.391845345497131348e-01,7.227854132652282715e-01,8.092215061187744141e-01
8.208390474319458008e-01,8.723406195640563965e-01,8.624932169914245605e-01,8.310672640800476074e-01,7.605717182159423828e-01,6.788250207901000977e-01,5.681755542755126953e-01,5.234874486923217773e-01,5.734568834304809570e-01,5.221707224845886230e-01,4.687420129776000977e-01,4.640565812587738037e-01,4.854384362697601318e-01,5.071873068809509277e-01,5.180828571319580078e-01,5.529382228851318359e-01,5.908817648887634277e-01,6.662073731422424316e-01,7.766908407211303711e-01
8.484767079353332520e-01,9.269111156463623047e-01,9.027237892150878906e-01,8.986579179763793945e-01,8.805651664733886719e-01,8.178222179412841797e-01,6.870366334915161133e-01,5.903605818748474121e-01,6.247493624687194824e-01,6.085106730461120605e-01,5.907687544822692871e-01,5.907278060913085938e-01,5.896516442298889160e-01,5.712518095970153809e-01,5.716330409049987793e-01,6.077608466148376465e-01,6.399987936019897461e-01,6.946555972099304199e-01,7.764515876770019531e-01
7.585940361022949219e-01,7.384375929832458496e-01,6.881623268127441406e-01,6.663756966590881348e-01,6.451130509376525879e-01,5.200822949409484863e-01,5.062577724456787109e-01,5.284494757652282715e-01,5.809887647628784180e-01,5.614203810691833496e-01,5.386212468147277832e-01,5.459141135215759277e-01,5.437800884246826172e-01,5.292526483535766602e-01,5.135884881019592285e-01,5.451018214225769043e-01,5.927675366401672363e-01,6.779125332832336426e-01,7.791064977645874023e-01
8.167890906333923340e-01,8.892023563385009766e-01,8.613682389259338379e-01,8.297674655914306641e-01,7.596534490585327148e-01,5.717191100120544434e-01,5.115680694580078125e-01,5.485885739326477051e-01,6.390431523323059082e-01,6.368551850318908691e-01,6.222373843193054199e-01,6.271970868110656738e-01,6.300846338272094727e-01,6.233295798301696777e-01,6.110050082206726074e-01,6.216697692871093750e-01,6.407748460769653320e-01,6.967917084693908691e-01,7.670481204986572266e-01
8.312292695045471191e-01,8.691086769104003906e-01,8.637100458145141602e-01,8.871631026268005371e-01,8.905646204948425293e-01,7.477554082870483398e-01,6.326239705085754395e-01,5.923206806182861328e-01,6.691825389862060547e-01,6.390428543090820312e-01,6.062484979629516602e-01,5.950034856796264648e-01,5.866779685020446777e-01,5.466269850730895996e-01,5.282471776008605957e-01,5.655945539474487305e-01,5.879490375518798828e-01,6.589981913566589355e-01,7.553201317787170410e-01
7.570295929908752441e-01,7.983169555664062500e-01,7.885382175445556641e-01,7.681802511215209961e-01,7.365054488182067871e-01,5.886288881301879883e-01,5.214752554893493652e-01,4.939299523830413818e-01,5.796162486076354980e-01,5.665724277496337891e-01,5.228831171989440918e-01,5.026862025260925293e-01,5.050978660583496094e-01,5.226371288299560547e-01,5.382791161537170410e-01,5.702485442161560059e-01,6.177983283996582031e-01,7.032666206359863281e-01,7.806309461593627930e-01
8.184819817543029785e-01,8.630197644233703613e-01,8.222826719284057617e-01,8.003637790679931641e-01,7.352996468544006348e-01,5.899131894111633301e-01,5.247116684913635254e-01,5.565093159675598145e-01,6.374112963676452637e-01,6.313879489898681641e-01,5.913398861885070801e-01,5.753599405288696289e-01,5.936250686645507812e-01,6.158475279808044434e-01,6.207827329635620117e-01,6.536578536033630371e-01,6.814759373664855957e-01,7.307986617088317871e-01,7.688908576965332031e-01
7.954999804496765137e-01,8.134388923645019531e-01,8.037860393524169922e-01,8.361150026321411133e-01,8.270328640937805176e-01,7.029777765274047852e-01,6.138113737106323242e-01,5.725208520889282227e-01,6.334227323532104492e-01,6.292929649353027344e-01,6.043372154235839844e-01,6.164700388908386230e-01,6.367062926292419434e-01,6.055554747581481934e-01,5.563229322433471680e-01,5.459501743316650391e-01,5.646072626113891602e-01,6.414312720298767090e-01,7.502742409706115723e-01
0.000000000000000000e+00,0.000000000000000000e+00,0.000000000000000000e+00,0.000000000000000000e+00,-0.000000000000000000e+00,-0.000000000000000000e+00,-0.000000000000000000e+00,-0.000000000000000000e+00,-0.000000000000000000e+00,-0.000000000000000000e+00,-0.000000000000000000e+00,-0.000000000000000000e+00,-0.000000000000000000e+00,-0.000000000000000000e+00,-0.000000000000000000e+00,0.000000000000000000e+00,0.000000000000000000e+00,0.000000000000000000e+00,0.000000000000000000e+00
1.814408600330352783e-02,1.814408600330352783e-02,1.814408600330352783e-02,1.814408600330352783e-02,1.814408600330352783e-02,4.175563156604766846e-02,5.434395745396614075e-02,5.233572795987129211e-02,3.911048173904418945e-02,1.530288439244031906e-02,-3.469446951953614189e-18,-3.469446951953614189e-18,-3.469446951953614189e-18,-3.469446951953614189e-18,-3.469446951953614189e-18,-3.109246522005967991e-17,-3.109246522005967991e-17,-3.109246522005967991e-17,-3.109246522005967991e-17
-2.663508988916873932e-02,-2.663508988916873932e-02,-2.663508988916873932e-02,-2.663508988916873932e-02,-2.663508988916873932e-02,-3.440213948488235474e-02,-3.780338913202285767e-02,-3.916317224502563477e-02,-3.480582684278488159e-02,-3.451368957757949829e-02,-3.140420466661453247e-02,-2.481398731470108032e-02,-1.915582269430160522e-02,-2.797689521685242653e-03,2.154064178466796875e-02,2.154064178466796875e-02,2.154064178466796875e-02,2.154064178466796875e-02,2.154064178466796875e-02
-3.253319859504699707e-02,-3.253319859504699707e-02,-3.253319859504699707e-02,-3.253319859504699707e-02,-3.253319859504699707e-02,-4.370762035250663757e-02,-4.596580192446708679e-02,-4.491465166211128235e-02,-4.105857759714126587e-02,-3.184955194592475891e-02,-1.295597385615110397e-02,-6.380309932865202427e-04,2.250585006549954414e-03,1.104274019598960876e-02,1.960095576941967010e-02,1.960095576941967010e-02,1.960095576941967010e-02,1.960095576941967010e-02,1.960095576941967010e-02
-3.327880799770355225e-02,-3.327880799770355225e-02,-3.327880799770355225e-02,-3.327880799770355225e-02,-3.327880799770355225e-02,-2.767281420528888702e-02,-2.109927497804164886e-02,-1.667486317455768585e-02,-1.172703783959150314e-02,-2.066968940198421478e-03,4.021457862108945847e-03,3.727771807461977005e-03,5.244794301688671112e-03,1.613364368677139282e-02,3.059484064579010010e-02,3.059484064579010010e-02,3.059484064579010010e-02,3.059484064579010010e-02,3.059484064579010010e-02
-4.628276079893112183e-02,-4.628276079893112183e-02,-4.628276079893112183e-02,-4.628276079893112183e-02,-4.628276079893112183e-02,-5.125574022531509399e-02,-5.052102729678153992e-02,-4.419265314936637878e-02,-3.241703659296035767e-02,-1.930564641952514648e-02,-8.057037368416786194e-03,-1.026489888317883015e-03,5.063573829829692841e-03,1.921622641384601593e-02,3.491475433111190796e-02,3.491475433111190796e-02,3.491475433111190796e-02,3.491475433111190796e-02,3.491475433111190796e-02
-4.027951508760452271e-02,-4.027951508760452271e-02,-4.027951508760452271e-02,-4.027951508760452271e-02,-4.027951508760452271e-02,-4.862746968865394592e-02,-4.762258380651473999e-02,-4.303366690874099731e-02,-3.365538269281387329e-02,-2.186137996613979340e-02,-1.011531613767147064e-02,-2.756379079073667526e-03,1.668036020419094712e-05,8.471954613924026489e-03,1.986196823418140411e-02,1.986196823418140411e-02,1.986196823418140411e-02,1.986196823418140411e-02,1.986196823418140411e-02
-3.084146603941917419e-02,-3.084146603941917419e-02,-3.084146603941917419e-02,-3.084146603941917419e-02,-3.084146603941917419e-02,-2.407162077724933624e-02,-1.721519418060779572e-02,-1.073190942406654358e-02,-3.835642244666814804e-03,2.363502047955989838e-03,-9.698540088720619678e-04,-3.246134612709283829e-03,-1.142792869359254837e-03,9.943188168108463287e-03,2.452933974564075470e-02,2.452933974564075470e-02,2.452933974564075470e-02,2.452933974564075470e-02,2.452933974564075470e-02
-4.484122991561889648e-02,-4.484122991561889648e-02,-4.484122991561889648e-02,-4.484122991561889648e-02,-4.484122991561889648e-02,-4.144678637385368347e-02,-2.999352291226387024e-02,-1.607970707118511200e-02,-7.039348129183053970e-04,1.170671358704566956e-02,9.906593710184097290e-03,3.150106407701969147e-03,-1.082695554941892624e-03,4.420403856784105301e-03,1.346245687454938889e-02,1.346245687454938889e-02,1.346245687454938889e-02,1.346245687454938889e-02,1.346245687454938889e-02
-3.466884419322013855e-02,-3.466884419322013855e-02,-3.466884419322013855e-02,-3.466884419322013855e-02,-3.466884419322013855e-02,-3.919119015336036682e-02,-3.954009711742401123e-02,-3.670755773782730103e-02,-2.799718640744686127e-02,-1.666533574461936951e-02,-1.272727921605110168e-02,-1.223521400243043900e-02,-1.249430049210786819e-02,-1.538761425763368607e-03,1.349633932113647461e-02,1.349633932113647461e-02,1.349633932113647461e-02,1.349633932113647461e-02,1.349633932113647461e-02
-3.894152864813804626e-02,-3.894152864813804626e-02,-3.894152864813804626e-02,-3.894152864813804626e-02,-3.894152864813804626e-02,-3.862124681472778320e-02,-3.459868580102920532e-02,-2.814691886305809021e-02,-1.846667006611824036e-02,-5.871997214853763580e-03,-9.931003442034125328e-04,1.260118675418198109e-03,3.574993228539824486e-03,1.666380651295185089e-02,3.176241368055343628e-02,3.176241368055343628e-02,3.176241368055343628e-02,3.176241368055343628e-02,3.176241368055343628e-02
-4.082344472408294678e-02,-4.082344472408294678e-02,-4.082344472408294678e-02,-4.082344472408294678e-02,-4.082344472408294678e-02,-3.632397204637527466e-02,-2.766465395689010620e-02,-1.893742568790912628e-02,-6.703716702759265900e-03,5.035123322159051895e-03,6.978307384997606277e-03,5.165213253349065781e-03,5.707359407097101212e-03,1.419674139469861984e-02,2.316720224916934967e-02,2.316720224916934967e-02,2.316720224916934967e-02,2.316720224916934967e-02,2.316720224916934967e-02
-3.140249475836753845e-02,-3.140249475836753845e-02,-3.140249475836753845e-02,-3.140249475836753845e-02,-3.140249475836753845e-02,-3.313472494482994080e-02,-3.226564452052116394e-02,-2.790708467364311218e-02,-1.638342812657356262e-02,-4.369860049337148666e-03,-2.285095164552330971e-03,-5.878133699297904968e-03,-1.053722295910120010e-02,-4.867662210017442703e-03,7.580474019050598145e-03,7.580474019050598145e-03,7.580474019050598145e-03,7.580474019050598145e-03,7.580474019050598145e-03
0.000000000000000000e+00,0.000000000000000000e+00,0.000000000000000000e+00,0.000000000000000000e+00,0.000000000000000000e+00,0.000000000000000000e+00,0.000000000000000000e+00,0.000000000000000000e+00,0.000000000000000000e+00,0.000000000000000000e+00,0.000000000000000000e+00,0.000000000000000000e+00,0.000000000000000000e+00,0.000000000000000000e+00,0.000000000000000000e+00,0.000000000000000000e+00,0.000000000000000000e+00,0.000000000000000000e+00,0.000000000000000000e+00
4.247565940022468567e-02,4.247565940022468567e-02,4.247565940022468567e-02,4.247565940022468567e-02,4.247565940022468567e-02,1.913810521364212036e-02,-6.850596982985734940e-03,-2.408670447766780853e-02,-2.859912626445293427e-02,-1.391171291470527649e-02,1.387778780781445676e-17,1.387778780781445676e-17,1.387778780781445676e-17,1.387778780781445676e-17,1.387778780781445676e-17,-3.743857833595425717e-17,-3.743857833595425717e-17,-3.743857833595425717e-17,-3.743857833595425717e-17
-1.306303404271602631e-02,-1.306303404271602631e-02,-1.306303404271602631e-02,-1.306303404271602631e-02,-1.306303404271602631e-02,-1.348607707768678665e-03,3.033732296898961067e-03,4.886590410023927689e-03,1.013173023238778114e-03,9.163563954643905163e-04,-2.921728009823709726e-04,1.658134977333247662e-03,1.349409203976392746e-02,2.155681326985359192e-02,2.693843469023704529e-02,2.693843469023704529e-02,2.693843469023704529e-02,2.693843469023704529e-02,2.693843469023704529e-02
-2.303480543196201324e-02,-2.303480543196201324e-02,-2.303480543196201324e-02,-2.303480543196201324e-02,-2.303480543196201324e-02,-7.345508784055709839e-03,2.675806870684027672e-03,1.123613584786653519e-02,1.481539942324161530e-02,1.277705281972885132e-02,4.755954723805189133e-03,5.236022174358367920e-03,1.283116172999143600e-02,1.324888784438371658e-02,8.801841177046298981e-03,8.801841177046298981e-03,8.801841177046298981e-03,8.801841177046298981e-03,8.801841177046298981e-03
2.868436509743332863e-03,2.868436509743332863e-03,2.868436509743332863e-03,2.868436509743332863e-03,2.868436509743332863e-03,1.047615334391593933e-02,9.744281880557537079e-03,7.766919210553169250e-03,7.916157133877277374e-03,3.844987368211150169e-03,-2.276889514178037643e-03,9.484688634984195232e-04,8.473020978271961212e-03,1.225178968161344528e-02,1.349134184420108795e-02,1.349134184420108795e-02,1.349134184420108795e-02,1.349134184420108795e-02,1.349134184420108795e-02
-7.605780847370624542e-03,-7.605780847370624542e-03,-7.605780847370624542e-03,-7.605780847370624542e-03,-7.605780847370624542e-03,4.537503235042095184e-03,9.247187525033950806e-03,1.165194250643253326e-02,1.157529931515455246e-02,9.788950905203819275e-03,6.532666273415088654e-03,8.752453140914440155e-03,1.301456894725561142e-02,1.158525235950946808e-02,1.253163348883390427e-02,1.253163348883390427e-02,1.253163348883390427e-02,1.253163348883390427e-02,1.253163348883390427e-02
-1.653315313160419464e-02,-1.653315313160419464e-02,-1.653315313160419464e-02,-1.653315313160419464e-02,-1.653315313160419464e-02,-2.670348156243562698e-03,5.726438947021961212e-03,1.403441745787858963e-02,1.715947873890399933e-02,1.200900878757238388e-02,3.152381628751754761e-03,1.303623546846210957e-03,6.668719463050365448e-03,9.413946419954299927e-03,1.291509531438350677e-02,1.291509531438350677e-02,1.291509531438350677e-02,1.291509531438350677e-02,1.291509531438350677e-02
8.114978671073913574e-03,8.114978671073913574e-03,8.114978671073913574e-03,8.114978671073913574e-03,8.114978671073913574e-03,1.243837550282478333e-02,1.122403144836425781e-02,9.796651080250740051e-03,4.857982043176889420e-03,-4.599660169333219528e-03,-5.704874638468027115e-03,-6.991604459472000599e-04,6.579474546015262604e-03,1.154241710901260376e-02,1.695884577929973602e-02,1.695884577929973602e-02,1.695884577929973602e-02,1.695884577929973602e-02,1.695884577929973602e-02
1.787896268069744110e-03,1.787896268069744110e-03,1.787896268069744110e-03,1.787896268069744110e-03,1.787896268069744110e-03,1.982790976762771606e-02,2.454794570803642273e-02,2.222399786114692688e-02,1.147452183067798615e-02,-4.615207668393850327e-03,-9.634600020945072174e-03,-5.189011804759502411e-03,1.986998831853270531e-03,5.686467979103326797e-03,9.991235099732875824e-03,9.991235099732875824e-03,9.991235099732875824e-03,9.991235099732875824e-03,9.991235099732875824e-03
-1.154554821550846100e-02,-1.154554821550846100e-02,-1.154554821550846100e-02,-1.154554821550846100e-02,-1.154554821550846100e-02,5.915724905207753181e-04,8.507641963660717010e-03,1.494988333433866501e-02,1.414349395781755447e-02,1.766325905919075012e-03,-5.787047557532787323e-03,-1.864813384599983692e-03,7.391565479338169098e-03,1.197723019868135452e-02,1.738573051989078522e-02,1.738573051989078522e-02,1.738573051989078522e-02,1.738573051989078522e-02,1.738573051989078522e-02
-3.905108664184808731e-03,-3.905108664184808731e-03,-3.905108664184808731e-03,-3.905108664184808731e-03,-3.905108664184808731e-03,9.824356064200401306e-03,1.450451742857694626e-02,1.420176494866609573e-02,9.585208259522914886e-03,5.510677583515644073e-04,-1.133506535552442074e-03,2.985256025567650795e-03,1.182598061859607697e-02,1.464639417827129364e-02,1.431224029511213303e-02,1.431224029511213303e-02,1.431224029511213303e-02,1.431224029511213303e-02,1.431224029511213303e-02
3.430864075198769569e-03,3.430864075198769569e-03,3.430864075198769569e-03,3.430864075198769569e-03,3.430864075198769569e-03,1.728968136012554169e-02,1.869824714958667755e-02,1.547630969434976578e-02,7.566909305751323700e-03,-2.125164261087775230e-03,-4.133034031838178635e-03,2.299896208569407463e-03,8.883450180292129517e-03,9.214092046022415161e-03,6.561724934726953506e-03,6.561724934726953506e-03,6.561724934726953506e-03,6.561724934726953506e-03,6.561724934726953506e-03
-9.381947107613086700e-03,-9.381947107613086700e-03,-9.381947107613086700e-03,-9.381947107613086700e-03,-9.381947107613086700e-03,1.372205675579607487e-03,8.748826570808887482e-03,1.597491092979907990e-02,1.596613228321075439e-02,4.876296967267990112e-03,-5.228252615779638290e-03,-7.923202589154243469e-03,-2.212768187746405602e-03,4.482515156269073486e-03,1.390014495700597763e-02,1.390014495700597763e-02,1.390014495700597763e-02,1.390014495700597763e-02,1.390014495700597763e-02
