0.000000000000000000e+00,0.000000000000000000e+00,0.000000000000000000e+00,0.000000000000000000e+00,0.000000000000000000e+00,0.000000000000000000e+00,0.000000000000000000e+00,0.000000000000000000e+00,0.000000000000000000e+00,0.000000000000000000e+00,0.000000000000000000e+00,0.000000000000000000e+00,0.000000000000000000e+00,0.000000000000000000e+00,0.000000000000000000e+00,0.000000000000000000e+00,0.000000000000000000e+00,0.000000000000000000e+00,0.000000000000000000e+00,0.000000000000000000e+00
9.140068292617797852e-01,8.513025641441345215e-01,7.848803997039794922e-01,8.090076446533203125e-01,8.971108794212341309e-01,1.000000000000000000e+00,1.000000000000000000e+00,1.000000000000000000e+00,1.000000000000000000e+00,1.000000000000000000e+00,1.000000000000000000e+00,1.000000000000000000e+00,1.000000000000000000e+00,1.000000000000000000e+00,1.000000000000000000e+00,1.000000000000000000e+00,1.000000000000000000e+00,1.000000000000000000e+00,1.000000000000000000e+00,1.000000000000000000e+00
1.000000000000000000e+00,1.000000000000000000e+00,1.000000000000000000e+00,1.000000000000000000e+00,9.975398182868957520e-01,9.446724057197570801e-01,7.719356417655944824e-01,8.158196806907653809e-01,8.569394946098327637e-01,8.534123897552490234e-01,8.321161866188049316e-01,7.822930812835693359e-01,7.131533026695251465e-01,7.115765213966369629e-01,7.418804168701171875e-01,7.516119480133056641e-01,7.793120145797729492e-01,8.453896641731262207e-01,9.041858315467834473e-01,9.119256734848022461e-01
9.630917310714721680e-01,9.482559561729431152e-01,9.175713062286376953e-01,9.079058766365051270e-01,9.671552181243896484e-01,9.533528089523315430e-01,7.325882315635681152e-01,7.127679586410522461e-01,7.590472102165222168e-01,7.703362107276916504e-01,7.138611674308776855e-01,6.682702898979187012e-01,6.346968412399291992e-01,6.416327357292175293e-01,6.982598900794982910e-01,7.670597434043884277e-01,7.751541137695312500e-01,8.130639791488647461e-01,8.793888688087463379e-01,9.016098976135253906e-01
9.176851511001586914e-01,9.242796897888183594e-01,9.298143386840820312e-01,8.858655095100402832e-01,9.294642210006713867e-01,9.559056162834167480e-01,7.079922556877136230e-01,6.503055095672607422e-01,6.750225424766540527e-01,6.765602827072143555e-01,6.375054121017456055e-01,6.030890345573425293e-01,5.860670804977416992e-01,5.836737751960754395e-01,6.348020434379577637e-01,6.944541335105895996e-01,7.303397655487060547e-01,7.746600508689880371e-01,8.431959152221679688e-01,8.761109113693237305e-01
9.474024176597595215e-01,9.537922739982604980e-01,9.295485615730285645e-01,8.441740274429321289e-01,9.084808230400085449e-01,9.938951730728149414e-01,7.335646748542785645e-01,6.360089778900146484e-01,6.536968946456909180e-01,6.371176242828369141e-01,6.008229255676269531e-01,5.796088576316833496e-01,5.600584149360656738e-01,5.636448860168457031e-01,6.180287003517150879e-01,6.893004179000854492e-01,7.269312143325805664e-01,7.745528221130371094e-01,8.373128771781921387e-01,8.736784458160400391e-01
9.217036366462707520e-01,9.083616137504577637e-01,9.085446000099182129e-01,8.767333030700683594e-01,9.264130592346191406e-01,9.827855825424194336e-01,7.306910157203674316e-01,7.127097249031066895e-01,7.496427297592163086e-01,7.449086904525756836e-01,7.211638092994689941e-01,7.448482513427734375e-01,7.572484016418457031e-01,7.244642972946166992e-01,7.308602929115295410e-01,7.574990391731262207e-01,7.745665907859802246e-01,8.025705218315124512e-01,8.380573987960815430e-01,8.721134662628173828e-01
9.485755562782287598e-01,9.348885416984558105e-01,9.077359437942504883e-01,8.286218643188476562e-01,8.432688117027282715e-01,8.910503387451171875e-01,6.968365907669067383e-01,7.058448195457458496e-01,7.393666505813598633e-01,7.493765354156494141e-01,7.411220073699951172e-01,7.133036255836486816e-01,6.878408789634704590e-01,6.931081414222717285e-01,7.256447076797485352e-01,7.513496279716491699e-01,7.719088196754455566e-01,8.001665472984313965e-01,8.389530181884765625e-01,8.752826452255249023e-01
9.380361437797546387e-01,9.280554652214050293e-01,9.082092046737670898e-01,8.557699322700500488e-01,8.848389983177185059e-01,9.004620313644409180e-01,6.585225462913513184e-01,6.353537440299987793e-01,6.984815597534179688e-01,7.068495750427246094e-01,6.824046373367309570e-01,6.622593998908996582e-01,6.511018872261047363e-01,6.228323578834533691e-01,6.439170837402343750e-01,6.863107681274414062e-01,7.147536277770996094e-01,7.632974386215209961e-01,8.283192515373229980e-01,8.715198040008544922e-01
9.200549721717834473e-01,9.333664178848266602e-01,9.325884580612182617e-01,9.295203685760498047e-01,1.000000000000000000e+00,9.972194433212280273e-01,7.014353871345520020e-01,6.691539883613586426e-01,7.160781621932983398e-01,7.266965508460998535e-01,7.041091322898864746e-01,6.990754008293151855e-01,6.885517835617065430e-01,6.683072447776794434e-01,6.707365512847900391e-01,7.152752280235290527e-01,7.330190539360046387e-01,7.718805074691772461e-01,8.200263381004333496e-01,8.668023943901062012e-01
8.851991891860961914e-01,8.726074099540710449e-01,8.328672051429748535e-01,8.029384613037109375e-01,8.774016499519348145e-01,9.147383570671081543e-01,6.699659228324890137e-01,6.397747397422790527e-01,6.845401525497436523e-01,7.076840400695800781e-01,6.874218583106994629e-01,6.790342926979064941e-01,6.544255614280700684e-01,6.339574456214904785e-01,6.675364971160888672e-01,7.258871793746948242e-01,7.391073703765869141e-01,7.688969373703002930e-01,8.120737671852111816e-01,8.578923344612121582e-01
9.477657079696655273e-01,9.471310377120971680e-01,9.498963356018066406e-01,9.104852676391601562e-01,9.422456026077270508e-01,9.634777307510375977e-01,7.041319012641906738e-01,6.493051052093505859e-01,6.779164075851440430e-01,7.005717158317565918e-01,6.827074289321899414e-01,6.602792143821716309e-01,6.274931430816650391e-01,6.265821456909179688e-01,6.715083718299865723e-01,7.237417101860046387e-01,7.239876389503479004e-01,7.648791074752807617e-01,8.245449066162109375e-01,8.605067729949951172e-01
8.953563570976257324e-01,8.793832063674926758e-01,8.743993043899536133e-01,8.262705206871032715e-01,8.720583915710449219e-01,9.053800106048583984e-01,6.892055273056030273e-01,6.744230985641479492e-01,7.163131833076477051e-01,7.242886424064636230e-01,7.070744633674621582e-01,7.038428783416748047e-01,6.889700293540954590e-01,6.673207283020019531e-01,6.855599284172058105e-01,7.090978622436523438e-01,7.164983153343200684e-01,7.641868591308593750e-01,8.126206398010253906e-01,8.520145416259765625e-01
0.000000000000000000e+00,0.000000000000000000e+00,0.000000000000000000e+00,0.000000000000000000e+00,-0.000000000000000000e+00,-0.000000000000000000e+00,-0.000000000000000000e+00,-0.000000000000000000e+00,-0.000000000000000000e+00,-0.000000000000000000e+00,-0.000000000000000000e+00,-0.000000000000000000e+00,-0.000000000000000000e+00,-0.000000000000000000e+00,-0.000000000000000000e+00,-0.000000000000000000e+00,0.000000000000000000e+00,0.000000000000000000e+00,0.000000000000000000e+00,0.000000000000000000e+00
2.352160960435867310e-02,2.352160960435867310e-02,2.352160960435867310e-02,2.352160960435867310e-02,2.352160960435867310e-02,2.875037305057048798e-02,2.732056193053722382e-02,1.787727884948253632e-02,6.859274581074714661e-03,-3.469446951953614189e-18,-3.469446951953614189e-18,-3.469446951953614189e-18,-3.469446951953614189e-18,-3.469446951953614189e-18,-3.469446951953614189e-18,-3.469446951953614189e-18,-3.109246522005967991e-17,-3.109246522005967991e-17,-3.109246522005967991e-17,-3.109246522005967991e-17
-2.727065421640872955e-02,-2.727065421640872955e-02,-2.727065421640872955e-02,-2.727065421640872955e-02,-2.727065421640872955e-02,-2.682494558393955231e-02,-2.535585686564445496e-02,-2.441024594008922577e-02,-2.444550395011901855e-02,-2.001011744141578674e-02,-1.319403480738401413e-02,-1.674404554069042206e-02,-1.445165555924177170e-02,-3.718976164236664772e-03,1.083202008157968521e-02,2.327809669077396393e-02,2.327809669077396393e-02,2.327809669077396393e-02,2.327809669077396393e-02,2.327809669077396393e-02
-3.078602068126201630e-02,-3.078602068126201630e-02,-3.078602068126201630e-02,-3.078602068126201630e-02,-3.078602068126201630e-02,-3.020156733691692352e-02,-3.140584006905555725e-02,-3.429997712373733521e-02,-3.608278185129165649e-02,-2.791226468980312347e-02,-1.169142778962850571e-02,-5.029434803873300552e-03,-5.403161048889160156e-05,1.026553101837635040e-02,2.504722401499748230e-02,3.478651866316795349e-02,3.478651866316795349e-02,3.478651866316795349e-02,3.478651866316795349e-02,3.478651866316795349e-02
-3.610295057296752930e-02,-3.610295057296752930e-02,-3.610295057296752930e-02,-3.610295057296752930e-02,-3.610295057296752930e-02,-4.079741612076759338e-02,-4.352724924683570862e-02,-4.331071302294731140e-02,-4.244595393538475037e-02,-3.311088308691978455e-02,-1.240063738077878952e-02,-3.021305892616510391e-03,4.168807528913021088e-03,1.503945514559745789e-02,2.894667908549308777e-02,3.901640325784683228e-02,3.901640325784683228e-02,3.901640325784683228e-02,3.901640325784683228e-02,3.901640325784683228e-02
-3.950697556138038635e-02,-3.950697556138038635e-02,-3.950697556138038635e-02,-3.950697556138038635e-02,-3.950697556138038635e-02,-4.475833103060722351e-02,-4.672542959451675415e-02,-4.624428600072860718e-02,-4.834872484207153320e-02,-4.011990129947662354e-02,-1.540036499500274658e-02,-1.359146786853671074e-03,7.798887323588132858e-03,2.009031735360622406e-02,3.316988050937652588e-02,4.231267049908638000e-02,4.231267049908638000e-02,4.231267049908638000e-02,4.231267049908638000e-02,4.231267049908638000e-02
-2.541423588991165161e-02,-2.541423588991165161e-02,-2.541423588991165161e-02,-2.541423588991165161e-02,-2.541423588991165161e-02,-2.757144160568714142e-02,-2.947689220309257507e-02,-2.666816674172878265e-02,-2.295543439686298370e-02,-1.529691461473703384e-02,8.515288354828953743e-04,1.966762589290738106e-03,2.274591708555817604e-03,6.496152374893426895e-03,1.180687174201011658e-02,1.585677638649940491e-02,1.585677638649940491e-02,1.585677638649940491e-02,1.585677638649940491e-02,1.585677638649940491e-02
-3.138894960284233093e-02,-3.138894960284233093e-02,-3.138894960284233093e-02,-3.138894960284233093e-02,-3.138894960284233093e-02,-2.731903642416000366e-02,-2.162002585828304291e-02,-1.680884882807731628e-02,-1.704748906195163727e-02,-1.336804963648319244e-02,-1.035033608786761761e-03,-4.160751996096223593e-04,1.415631151758134365e-03,6.823605392128229141e-03,1.463816966861486435e-02,2.269389107823371887e-02,2.269389107823371887e-02,2.269389107823371887e-02,2.269389107823371887e-02,2.269389107823371887e-02
-3.818341344594955444e-02,-3.818341344594955444e-02,-3.818341344594955444e-02,-3.818341344594955444e-02,-3.818341344594955444e-02,-3.635258972644805908e-02,-3.313004225492477417e-02,-2.881018444895744324e-02,-2.550493925809860229e-02,-1.825077086687088013e-02,-3.922258969396352768e-03,-2.653375267982482910e-03,-1.882171607576310635e-03,6.062605883926153183e-03,1.795924082398414612e-02,2.867433987557888031e-02,2.867433987557888031e-02,2.867433987557888031e-02,2.867433987557888031e-02,2.867433987557888031e-02
-3.338586166501045227e-02,-3.338586166501045227e-02,-3.338586166501045227e-02,-3.338586166501045227e-02,-3.338586166501045227e-02,-3.825846314430236816e-02,-4.030496627092361450e-02,-3.893092647194862366e-02,-3.462224826216697693e-02,-2.177376300096511841e-02,-3.466824768111109734e-03,-1.397930551320314407e-03,-1.066895318217575550e-03,4.700833465903997421e-03,1.363311149179935455e-02,2.224601060152053833e-02,2.224601060152053833e-02,2.224601060152053833e-02,2.224601060152053833e-02,2.224601060152053833e-02
-2.858561463654041290e-02,-2.858561463654041290e-02,-2.858561463654041290e-02,-2.858561463654041290e-02,-2.858561463654041290e-02,-2.730729617178440094e-02,-2.547052130103111267e-02,-2.441817335784435272e-02,-2.493659034371376038e-02,-1.813906617462635040e-02,-1.934141968376934528e-03,1.883155084215104580e-03,3.133845282718539238e-03,8.445413783192634583e-03,1.715814881026744843e-02,2.549711056053638458e-02,2.549711056053638458e-02,2.549711056053638458e-02,2.549711056053638458e-02,2.549711056053638458e-02
-4.019019007682800293e-02,-4.019019007682800293e-02,-4.019019007682800293e-02,-4.019019007682800293e-02,-4.019019007682800293e-02,-4.271085187792778015e-02,-4.235545545816421509e-02,-3.885776922106742859e-02,-3.600312769412994385e-02,-2.584598958492279053e-02,-5.663366988301277161e-03,1.255481387488543987e-03,3.294995520263910294e-03,9.200173430144786835e-03,1.952163502573966980e-02,2.868564613163471222e-02,2.868564613163471222e-02,2.868564613163471222e-02,2.868564613163471222e-02,2.868564613163471222e-02
-2.703885175287723541e-02,-2.703885175287723541e-02,-2.703885175287723541e-02,-2.703885175287723541e-02,-2.703885175287723541e-02,-2.635307237505912781e-02,-2.529487200081348419e-02,-2.199562452733516693e-02,-2.085602469742298126e-02,-1.505571324378252029e-02,-1.850359607487916946e-03,-1.426682923920452595e-03,-2.073050476610660553e-03,3.249404719099402428e-03,1.166750583797693253e-02,1.980515196919441223e-02,1.980515196919441223e-02,1.980515196919441223e-02,1.980515196919441223e-02,1.980515196919441223e-02
0.000000000000000000e+00,0.000000000000000000e+00,0.000000000000000000e+00,0.000000000000000000e+00,0.000000000000000000e+00,0.000000000000000000e+00,0.000000000000000000e+00,0.000000000000000000e+00,0.000000000000000000e+00,0.000000000000000000e+00,0.000000000000000000e+00,0.000000000000000000e+00,0.000000000000000000e+00,0.000000000000000000e+00,0.000000000000000000e+00,0.000000000000000000e+00,0.000000000000000000e+00,0.000000000000000000e+00,0.000000000000000000e+00,0.000000000000000000e+00
7.742247544229030609e-03,7.742247544229030609e-03,7.742247544229030609e-03,7.742247544229030609e-03,7.742247544229030609e-03,-5.178163293749094009e-03,-1.414974499493837357e-02,-1.313422061502933502e-02,-6.235704291611909866e-03,1.387778780781445676e-17,1.387778780781445676e-17,1.387778780781445676e-17,1.387778780781445676e-17,1.387778780781445676e-17,1.387778780781445676e-17,1.387778780781445676e-17,-3.743857833595425717e-17,-3.743857833595425717e-17,-3.743857833595425717e-17,-3.743857833595425717e-17
-5.369413178414106369e-03,-5.369413178414106369e-03,-5.369413178414106369e-03,-5.369413178414106369e-03,-5.369413178414106369e-03,3.015227150171995163e-03,8.810015395283699036e-03,9.350322186946868896e-03,3.549818415194749832e-03,-3.888536477461457253e-03,-8.509601466357707977e-03,1.394958351738750935e-03,1.038829144090414047e-02,1.646777242422103882e-02,1.809242554008960724e-02,1.171268243342638016e-02,1.171268243342638016e-02,1.171268243342638016e-02,1.171268243342638016e-02,1.171268243342638016e-02
-9.391169995069503784e-03,-9.391169995069503784e-03,-9.391169995069503784e-03,-9.391169995069503784e-03,-9.391169995069503784e-03,-2.318561077117919922e-03,1.390404300764203072e-03,5.405570380389690399e-03,9.172962978482246399e-03,5.922333803027868271e-03,-7.336233975365757942e-04,8.765544742345809937e-03,1.614751480519771576e-02,1.684578508138656616e-02,1.252935826778411865e-02,5.472810938954353333e-03,5.472810938954353333e-03,5.472810938954353333e-03,5.472810938954353333e-03,5.472810938954353333e-03
-1.598254218697547913e-02,-1.598254218697547913e-02,-1.598254218697547913e-02,-1.598254218697547913e-02,-1.598254218697547913e-02,-6.897972431033849716e-03,1.126851071603596210e-03,6.671917159110307693e-03,1.412703096866607666e-02,1.362619269639253616e-02,3.556778654456138611e-03,8.393196389079093933e-03,1.487549021840095520e-02,1.601837575435638428e-02,1.330824848264455795e-02,7.487609051167964935e-03,7.487609051167964935e-03,7.487609051167964935e-03,7.487609051167964935e-03,7.487609051167964935e-03
-1.463703345507383347e-02,-1.463703345507383347e-02,-1.463703345507383347e-02,-1.463703345507383347e-02,-1.463703345507383347e-02,-8.670877665281295776e-03,-3.587970975786447525e-03,2.336187055334448814e-03,1.459185313433408737e-02,1.920422352850437164e-02,8.292944170534610748e-03,1.099022105336189270e-02,1.635328680276870728e-02,1.595107838511466980e-02,1.253327541053295135e-02,6.748344283550977707e-03,6.748344283550977707e-03,6.748344283550977707e-03,6.748344283550977707e-03,6.748344283550977707e-03
-1.105794310569763184e-02,-1.105794310569763184e-02,-1.105794310569763184e-02,-1.105794310569763184e-02,-1.105794310569763184e-02,-5.721093621104955673e-03,2.979276177939027548e-04,7.999781519174575806e-03,1.698863878846168518e-02,1.440741121768951416e-02,-1.776230405084788799e-03,-5.532250506803393364e-04,3.149872180074453354e-03,4.315191879868507385e-03,5.248967092484235764e-03,7.540156599134206772e-03,7.540156599134206772e-03,7.540156599134206772e-03,7.540156599134206772e-03,7.540156599134206772e-03
-4.088065761607140303e-04,-4.088065761607140303e-04,-4.088065761607140303e-04,-4.088065761607140303e-04,-4.088065761607140303e-04,5.217766854912042618e-03,7.508610840886831284e-03,5.646932870149612427e-03,6.648883689194917679e-03,5.498169455677270889e-03,-3.211073577404022217e-03,2.074036980047821999e-03,7.404426578432321548e-03,9.458394721150398254e-03,8.852203376591205597e-03,5.922884680330753326e-03,5.922884680330753326e-03,5.922884680330753326e-03,5.922884680330753326e-03,5.922884680330753326e-03
-7.186617236584424973e-03,-7.186617236584424973e-03,-7.186617236584424973e-03,-7.186617236584424973e-03,-7.186617236584424973e-03,1.837229821830987930e-03,7.639914751052856445e-03,1.047811564058065414e-02,1.391967479139566422e-02,8.282796479761600494e-03,-5.290044471621513367e-03,-3.222024533897638321e-04,8.319342508912086487e-03,1.230236608535051346e-02,1.346006058156490326e-02,1.166473980993032455e-02,1.166473980993032455e-02,1.166473980993032455e-02,1.166473980993032455e-02,1.166473980993032455e-02
-1.904198527336120605e-02,-1.904198527336120605e-02,-1.904198527336120605e-02,-1.904198527336120605e-02,-1.904198527336120605e-02,-7.869601249694824219e-03,2.890410367399454117e-03,1.354395505040884018e-02,2.133795432746410370e-02,1.459243986755609512e-02,-3.840481629595160484e-03,-7.468677358701825142e-04,5.742896813899278641e-03,9.158448316156864166e-03,1.009585428982973099e-02,1.020297221839427948e-02,1.020297221839427948e-02,1.020297221839427948e-02,1.020297221839427948e-02,1.020297221839427948e-02
-9.159799665212631226e-03,-9.159799665212631226e-03,-9.159799665212631226e-03,-9.159799665212631226e-03,-9.159799665212631226e-03,-2.752617700025439262e-03,1.776787335984408855e-03,7.895074784755706787e-03,1.426594331860542297e-02,9.971246123313903809e-03,-3.610782325267791748e-03,1.250749803148210049e-03,7.896302267909049988e-03,1.068852003663778305e-02,9.751177392899990082e-03,7.891594432294368744e-03,7.891594432294368744e-03,7.891594432294368744e-03,7.891594432294368744e-03,7.891594432294368744e-03
-1.567176729440689087e-02,-1.567176729440689087e-02,-1.567176729440689087e-02,-1.567176729440689087e-02,-1.567176729440689087e-02,-4.774737637490034103e-03,5.474159959703683853e-03,1.204060111194849014e-02,1.670570299029350281e-02,1.347259245812892914e-02,4.702329169958829880e-04,3.885410027578473091e-03,8.578517474234104156e-03,1.123950723558664322e-02,1.078280154615640640e-02,7.394626736640930176e-03,7.394626736640930176e-03,7.394626736640930176e-03,7.394626736640930176e-03,7.394626736640930176e-03
-7.326134946197271347e-03,-7.326134946197271347e-03,-7.326134946197271347e-03,-7.326134946197271347e-03,-7.326134946197271347e-03,-1.335144159384071827e-03,3.868925618007779121e-03,7.527003996074199677e-03,1.233496237546205521e-02,8.600343950092792511e-03,-3.844916122034192085e-03,-8.458662778139114380e-04,4.160542041063308716e-03,7.847129367291927338e-03,9.683137759566307068e-03,9.969987906515598297e-03,9.969987906515598297e-03,9.969987906515598297e-03,9.969987906515598297e-03,9.969987906515598297e-03
