0.000000000000000000e+00,0.000000000000000000e+00,0.000000000000000000e+00,0.000000000000000000e+00,0.000000000000000000e+00,0.000000000000000000e+00,0.000000000000000000e+00,0.000000000000000000e+00,0.000000000000000000e+00,0.000000000000000000e+00,0.000000000000000000e+00,0.000000000000000000e+00,0.000000000000000000e+00,0.000000000000000000e+00,0.000000000000000000e+00,0.000000000000000000e+00,0.000000000000000000e+00,0.000000000000000000e+00,0.000000000000000000e+00,0.000000000000000000e+00,0.000000000000000000e+00
1.000000000000000000e+00,8.345502018928527832e-01,7.052291631698608398e-01,6.523361206054687500e-01,6.351100206375122070e-01,6.828315258026123047e-01,1.000000000000000000e+00,1.000000000000000000e+00,1.000000000000000000e+00,1.000000000000000000e+00,1.000000000000000000e+00,1.000000000000000000e+00,1.000000000000000000e+00,1.000000000000000000e+00,1.000000000000000000e+00,1.000000000000000000e+00,1.000000000000000000e+00,1.000000000000000000e+00,1.000000000000000000e+00,1.000000000000000000e+00,1.000000000000000000e+00
8.559886813163757324e-01,8.729655742645263672e-01,8.615407347679138184e-01,8.450912833213806152e-01,8.402625322341918945e-01,8.336966037750244141e-01,8.454101681709289551e-01,6.330696344375610352e-01,6.430757641792297363e-01,6.998521685600280762e-01,6.483803987503051758e-01,5.592392086982727051e-01,5.297692418098449707e-01,5.216106772422790527e-01,5.285325050354003906e-01,5.790299177169799805e-01,6.451082825660705566e-01,7.194548249244689941e-01,7.951256036758422852e-01,8.405412435531616211e-01,8.437455296516418457e-01
9.351657629013061523e-01,1.000000000000000000e+00,1.000000000000000000e+00,1.000000000000000000e+00,1.000000000000000000e+00,1.000000000000000000e+00,9.712253808975219727e-01,7.650288939476013184e-01,7.651287913322448730e-01,8.185349702835083008e-01,7.674765586853027344e-01,6.902126073837280273e-01,6.584064364433288574e-01,6.559702754020690918e-01,6.664108633995056152e-01,7.072370052337646484e-01,7.586285471916198730e-01,8.088001608848571777e-01,8.566535711288452148e-01,8.772965073585510254e-01,8.477069735527038574e-01
8.299113512039184570e-01,7.945580482482910156e-01,7.672447562217712402e-01,7.699476480484008789e-01,7.754451036453247070e-01,7.835897207260131836e-01,7.075402736663818359e-01,5.314791202545166016e-01,5.435915589332580566e-01,6.175712347030639648e-01,5.828756093978881836e-01,5.149439573287963867e-01,4.944327175617218018e-01,5.200549960136413574e-01,5.416383147239685059e-01,6.214407086372375488e-01,7.111875414848327637e-01,7.590248584747314453e-01,8.189669251441955566e-01,8.576560020446777344e-01,8.314868211746215820e-01
8.709065914154052734e-01,8.948018550872802734e-01,8.894259929656982422e-01,9.024568796157836914e-01,8.894923925399780273e-01,8.405875563621520996e-01,7.643375992774963379e-01,5.802900195121765137e-01,5.564196109771728516e-01,5.836423039436340332e-01,5.310071706771850586e-01,4.808241128921508789e-01,4.943760335445404053e-01,5.486123561859130859e-01,5.555118918418884277e-01,5.980817675590515137e-01,6.720889806747436523e-01,7.218765020370483398e-01,7.749502062797546387e-01,8.202905058860778809e-01,8.190473318099975586e-01
8.939270973205566406e-01,9.066907167434692383e-01,8.906670808792114258e-01,8.936246037483215332e-01,8.872488737106323242e-01,8.210258483886718750e-01,7.844408154487609863e-01,6.027750968933105469e-01,6.266049742698669434e-01,6.645132899284362793e-01,6.326620578765869141e-01,6.026147603988647461e-01,5.993093848228454590e-01,6.273683905601501465e-01,6.288662552833557129e-01,6.542891263961791992e-01,6.975491642951965332e-01,7.468021512031555176e-01,8.038325309753417969e-01,8.478751182556152344e-01,8.162956237792968750e-01
8.152635097503662109e-01,8.176620602607727051e-01,8.051516413688659668e-01,8.098946213722229004e-01,8.046225905418395996e-01,7.407957911491394043e-01,7.345282435417175293e-01,6.195427179336547852e-01,5.996906757354736328e-01,6.287377476692199707e-01,5.985494256019592285e-01,5.564808845520019531e-01,5.603271126747131348e-01,5.754897594451904297e-01,5.748866796493530273e-01,6.151679158210754395e-01,6.720630526542663574e-01,7.141420245170593262e-01,7.805311083793640137e-01,8.344748020172119141e-01,8.126702308654785156e-01
8.457902073860168457e-01,8.339868187904357910e-01,8.168538808822631836e-01,8.105307817459106445e-01,8.074194192886352539e-01,7.338024973869323730e-01,6.197344064712524414e-01,5.292269587516784668e-01,6.160106062889099121e-01,6.819867491722106934e-01,6.521705389022827148e-01,6.128170490264892578e-01,6.027706861495971680e-01,6.029386520385742188e-01,6.021811962127685547e-01,6.350389719009399414e-01,6.826829910278320312e-01,7.096058726310729980e-01,7.523411512374877930e-01,7.993839383125305176e-01,8.103443980216979980e-01
8.817395567893981934e-01,9.132871627807617188e-01,9.142459630966186523e-01,9.345020055770874023e-01,9.456482529640197754e-01,8.945472240447998047e-01,7.916693091392517090e-01,6.154881715774536133e-01,6.355713009834289551e-01,6.995626091957092285e-01,6.695790886878967285e-01,6.199408173561096191e-01,6.023346185684204102e-01,6.077533960342407227e-01,6.011287569999694824e-01,6.258528828620910645e-01,6.591998934745788574e-01,7.005007266998291016e-01,7.695650458335876465e-01,8.169996142387390137e-01,8.100375533103942871e-01
8.195604085922241211e-01,7.916885018348693848e-01,7.706737518310546875e-01,7.852799892425537109e-01,8.079186081886291504e-01,7.630017995834350586e-01,6.569218635559082031e-01,5.244386196136474609e-01,5.464897751808166504e-01,6.107444167137145996e-01,5.807221531867980957e-01,5.168902277946472168e-01,4.997687041759490967e-01,5.218082666397094727e-01,5.319707989692687988e-01,5.783157348632812500e-01,6.668443083763122559e-01,7.252661585807800293e-01,7.914651036262512207e-01,8.275009393692016602e-01,8.083499073982238770e-01
8.402916789054870605e-01,8.395763039588928223e-01,8.328920602798461914e-01,8.327147960662841797e-01,8.229823112487792969e-01,7.890030741691589355e-01,7.452334761619567871e-01,5.949428677558898926e-01,6.325696110725402832e-01,6.936715245246887207e-01,6.463662981986999512e-01,5.839124917984008789e-01,5.794802904129028320e-01,6.089475750923156738e-01,6.316848397254943848e-01,6.734797358512878418e-01,7.191401124000549316e-01,7.500463128089904785e-01,7.899190783500671387e-01,8.166397213935852051e-01,8.043552041053771973e-01
8.545584082603454590e-01,8.588188886642456055e-01,8.374881148338317871e-01,8.366838693618774414e-01,8.301755785942077637e-01,7.821705341339111328e-01,7.742680907249450684e-01,6.402410268783569336e-01,6.416651606559753418e-01,6.792253851890563965e-01,6.443672180175781250e-01,6.113760471343994141e-01,6.371957063674926758e-01,6.687911152839660645e-01,6.583235859870910645e-01,6.659145951271057129e-01,7.020919919013977051e-01,7.370020151138305664e-01,7.845373749732971191e-01,8.213834762573242188e-01,8.074698448181152344e-01
0.000000000000000000e+00,0.000000000000000000e+00,0.000000000000000000e+00,0.000000000000000000e+00,-0.000000000000000000e+00,-0.000000000000000000e+00,-0.000000000000000000e+00,-0.000000000000000000e+00,-0.000000000000000000e+00,-0.000000000000000000e+00,-0.000000000000000000e+00,-0.000000000000000000e+00,-0.000000000000000000e+00,-0.000000000000000000e+00,-0.000000000000000000e+00,-0.000000000000000000e+00,-0.000000000000000000e+00,0.000000000000000000e+00,0.000000000000000000e+00,0.000000000000000000e+00,0.000000000000000000e+00
1.860644109547138214e-02,1.860644109547138214e-02,1.860644109547138214e-02,1.860644109547138214e-02,1.860644109547138214e-02,4.343882575631141663e-02,5.448372289538383484e-02,5.199437215924263000e-02,4.018442332744598389e-02,2.114456519484519958e-02,-3.469446951953614189e-18,-3.469446951953614189e-18,-3.469446951953614189e-18,-3.469446951953614189e-18,-3.469446951953614189e-18,-3.469446951953614189e-18,-3.469446951953614189e-18,-3.109246522005967991e-17,-3.109246522005967991e-17,-3.109246522005967991e-17,-3.109246522005967991e-17
-2.691658772528171539e-02,-2.691658772528171539e-02,-2.691658772528171539e-02,-2.691658772528171539e-02,-2.691658772528171539e-02,-2.944573573768138885e-02,-3.138931840658187866e-02,-3.648463264107704163e-02,-3.987703844904899597e-02,-3.896037861704826355e-02,-3.281855955719947815e-02,-1.724804565310478210e-02,-1.052768342196941376e-02,1.782316016033291817e-03,2.259541675448417664e-02,4.055901989340782166e-02,4.810513183474540710e-02,4.810513183474540710e-02,4.810513183474540710e-02,4.810513183474540710e-02,4.810513183474540710e-02
-2.404350787401199341e-02,-2.404350787401199341e-02,-2.404350787401199341e-02,-2.404350787401199341e-02,-2.404350787401199341e-02,-3.215317800641059875e-02,-3.632003813982009888e-02,-4.176244139671325684e-02,-4.416213184595108032e-02,-4.103101044893264771e-02,-3.147001564502716064e-02,-1.602534763514995575e-02,-9.937809780240058899e-03,-3.905008197762072086e-04,1.606969349086284637e-02,2.901590801775455475e-02,3.172048926353454590e-02,3.172048926353454590e-02,3.172048926353454590e-02,3.172048926353454590e-02,3.172048926353454590e-02
-3.400471433997154236e-02,-3.400471433997154236e-02,-3.400471433997154236e-02,-3.400471433997154236e-02,-3.400471433997154236e-02,-3.206247836351394653e-02,-3.184039145708084106e-02,-3.489514812827110291e-02,-3.488706797361373901e-02,-2.812079712748527527e-02,-1.498041953891515732e-02,1.175187528133392334e-03,1.007714681327342987e-02,2.018249034881591797e-02,3.685838729143142700e-02,4.986566305160522461e-02,5.088768154382705688e-02,5.088768154382705688e-02,5.088768154382705688e-02,5.088768154382705688e-02,5.088768154382705688e-02
-4.189215973019599915e-02,-4.189215973019599915e-02,-4.189215973019599915e-02,-4.189215973019599915e-02,-4.189215973019599915e-02,-5.021909624338150024e-02,-5.527603626251220703e-02,-5.806325376033782959e-02,-5.205107107758522034e-02,-3.670216351747512817e-02,-1.928735338151454926e-02,-6.374532822519540787e-04,1.037989277392625809e-02,2.119722403585910797e-02,3.506374359130859375e-02,4.437822476029396057e-02,4.460651800036430359e-02,4.460651800036430359e-02,4.460651800036430359e-02,4.460651800036430359e-02,4.460651800036430359e-02
-3.776811063289642334e-02,-3.776811063289642334e-02,-3.776811063289642334e-02,-3.776811063289642334e-02,-3.776811063289642334e-02,-4.075671732425689697e-02,-4.098154231905937195e-02,-3.997768089175224304e-02,-3.414684161543846130e-02,-2.207146212458610535e-02,-1.108346786350011826e-02,1.753291464410722256e-03,4.504438024014234543e-03,1.094537321478128433e-02,2.234407328069210052e-02,3.170268982648849487e-02,3.286517783999443054e-02,3.286517783999443054e-02,3.286517783999443054e-02,3.286517783999443054e-02,3.286517783999443054e-02
-2.778325043618679047e-02,-2.778325043618679047e-02,-2.778325043618679047e-02,-2.778325043618679047e-02,-2.778325043618679047e-02,-3.038130514323711395e-02,-3.168327361345291138e-02,-3.318046778440475464e-02,-2.988148666918277740e-02,-2.185154147446155548e-02,-1.536181848496198654e-02,-3.943824674934148788e-03,3.674390027299523354e-03,1.156819332391023636e-02,2.440100349485874176e-02,3.578447550535202026e-02,3.827650845050811768e-02,3.827650845050811768e-02,3.827650845050811768e-02,3.827650845050811768e-02,3.827650845050811768e-02
-3.840608522295951843e-02,-3.840608522295951843e-02,-3.840608522295951843e-02,-3.840608522295951843e-02,-3.840608522295951843e-02,-3.268038108944892883e-02,-2.719597704708576202e-02,-2.273261360824108124e-02,-1.606532000005245209e-02,-6.183440331369638443e-03,9.212116128765046597e-04,2.904396271333098412e-03,2.664854109752923250e-04,4.097803495824337006e-03,1.471623126417398453e-02,2.481358684599399567e-02,2.990862540900707245e-02,2.990862540900707245e-02,2.990862540900707245e-02,2.990862540900707245e-02,2.990862540900707245e-02
-3.605296835303306580e-02,-3.605296835303306580e-02,-3.605296835303306580e-02,-3.605296835303306580e-02,-3.605296835303306580e-02,-4.138214513659477234e-02,-4.304497689008712769e-02,-4.387532547116279602e-02,-3.928633034229278564e-02,-2.787110581994056702e-02,-1.552436128258705139e-02,-5.212194751948118210e-03,-4.595048259943723679e-03,-2.794474421534687281e-04,1.289089303463697433e-02,2.555820532143115997e-02,3.116784617304801941e-02,3.116784617304801941e-02,3.116784617304801941e-02,3.116784617304801941e-02,3.116784617304801941e-02
-3.573023527860641479e-02,-3.573023527860641479e-02,-3.573023527860641479e-02,-3.573023527860641479e-02,-3.573023527860641479e-02,-3.448346257209777832e-02,-3.408056497573852539e-02,-3.616825491189956665e-02,-3.395046666264533997e-02,-2.361829951405525208e-02,-1.158319413661956787e-02,-1.447903574444353580e-03,4.859123844653367996e-03,1.452510897070169449e-02,3.097930364310741425e-02,4.432202130556106567e-02,4.695569723844528198e-02,4.695569723844528198e-02,4.695569723844528198e-02,4.695569723844528198e-02,4.695569723844528198e-02
-2.973029203712940216e-02,-2.973029203712940216e-02,-2.973029203712940216e-02,-2.973029203712940216e-02,-2.973029203712940216e-02,-2.896465174853801727e-02,-2.896864153444766998e-02,-3.047307021915912628e-02,-2.813809178769588470e-02,-2.042909339070320129e-02,-1.046863477677106857e-02,1.252654241397976875e-03,4.689646884799003601e-03,1.125266030430793762e-02,2.360774017870426178e-02,3.219796717166900635e-02,3.192685171961784363e-02,3.192685171961784363e-02,3.192685171961784363e-02,3.192685171961784363e-02,3.192685171961784363e-02
-2.813766524195671082e-02,-2.813766524195671082e-02,-2.813766524195671082e-02,-2.813766524195671082e-02,-2.813766524195671082e-02,-2.924393489956855774e-02,-2.939682267606258392e-02,-2.995249256491661072e-02,-2.508533932268619537e-02,-1.532937865704298019e-02,-7.581933401525020599e-03,2.077158307656645775e-03,4.785045981407165527e-03,8.908096700906753540e-03,1.774124242365360260e-02,2.437074854969978333e-02,2.437314391136169434e-02,2.437314391136169434e-02,2.437314391136169434e-02,2.437314391136169434e-02,2.437314391136169434e-02
0.000000000000000000e+00,0.000000000000000000e+00,0.000000000000000000e+00,0.000000000000000000e+00,0.000000000000000000e+00,0.000000000000000000e+00,0.000000000000000000e+00,0.000000000000000000e+00,0.000000000000000000e+00,0.000000000000000000e+00,0.000000000000000000e+00,0.000000000000000000e+00,0.000000000000000000e+00,0.000000000000000000e+00,0.000000000000000000e+00,0.000000000000000000e+00,0.000000000000000000e+00,0.000000000000000000e+00,0.000000000000000000e+00,0.000000000000000000e+00,0.000000000000000000e+00
4.285707324743270874e-02,4.285707324743270874e-02,4.285707324743270874e-02,4.285707324743270874e-02,4.285707324743270874e-02,1.868359372019767761e-02,-5.143390968441963196e-03,-2.110707946121692657e-02,-2.692012675106525421e-02,-1.922233216464519501e-02,1.387778780781445676e-17,1.387778780781445676e-17,1.387778780781445676e-17,1.387778780781445676e-17,1.387778780781445676e-17,1.387778780781445676e-17,1.387778780781445676e-17,-3.743857833595425717e-17,-3.743857833595425717e-17,-3.743857833595425717e-17,-3.743857833595425717e-17
-1.403506752103567123e-02,-1.403506752103567123e-02,-1.403506752103567123e-02,-1.403506752103567123e-02,-1.403506752103567123e-02,-5.594032350927591324e-03,-1.336666406132280827e-03,-1.065561547875404358e-03,1.385129638947546482e-03,4.512101411819458008e-03,6.056786980479955673e-03,2.500031376257538795e-03,1.436405163258314133e-02,2.438424341380596161e-02,2.313520759344100952e-02,1.516688521951436996e-02,5.254991352558135986e-03,5.254991352558135986e-03,5.254991352558135986e-03,5.254991352558135986e-03,5.254991352558135986e-03
-2.122587338089942932e-02,-2.122587338089942932e-02,-2.122587338089942932e-02,-2.122587338089942932e-02,-2.122587338089942932e-02,-9.428964927792549133e-03,-2.882988657802343369e-03,7.173384074121713638e-04,4.619245417416095734e-03,8.025255985558032990e-03,7.390231825411319733e-03,3.038782859221100807e-03,1.260015647858381271e-02,2.040524408221244812e-02,1.759677939116954803e-02,9.539181366562843323e-03,-4.884746158495545387e-04,-4.884746158495545387e-04,-4.884746158495545387e-04,-4.884746158495545387e-04,-4.884746158495545387e-04
-1.293717697262763977e-02,-1.293717697262763977e-02,-1.293717697262763977e-02,-1.293717697262763977e-02,-1.293717697262763977e-02,-5.581138189882040024e-03,9.886003099381923676e-04,5.145235452800989151e-03,8.479005657136440277e-03,1.091582607477903366e-02,6.760334596037864685e-03,4.684488754719495773e-03,1.585963368415832520e-02,2.272239886224269867e-02,1.793553493916988373e-02,7.937453687191009521e-03,-3.910786472260951996e-03,-3.910786472260951996e-03,-3.910786472260951996e-03,-3.910786472260951996e-03,-3.910786472260951996e-03
-2.242626622319221497e-02,-2.242626622319221497e-02,-2.242626622319221497e-02,-2.242626622319221497e-02,-2.242626622319221497e-02,-1.141013111919164658e-02,-1.805506413802504539e-03,6.975871976464986801e-03,1.454588212072849274e-02,1.961164176464080811e-02,1.674386300146579742e-02,1.011233031749725342e-02,1.426453702151775360e-02,1.628703624010086060e-02,1.093063410371541977e-02,5.025393795222043991e-03,-3.605902893468737602e-04,-3.605902893468737602e-04,-3.605902893468737602e-04,-3.605902893468737602e-04,-3.605902893468737602e-04
-1.548428460955619812e-02,-1.548428460955619812e-02,-1.548428460955619812e-02,-1.548428460955619812e-02,-1.548428460955619812e-02,-4.752863198518753052e-03,3.367787925526499748e-03,9.970746934413909912e-03,1.336859446018934250e-02,1.277135498821735382e-02,9.051665663719177246e-03,1.418254687450826168e-03,7.185725029557943344e-03,1.157299987971782684e-02,1.066535804420709610e-02,8.241344243288040161e-03,1.585540012456476688e-03,1.585540012456476688e-03,1.585540012456476688e-03,1.585540012456476688e-03,1.585540012456476688e-03
-1.102267764508724213e-02,-1.102267764508724213e-02,-1.102267764508724213e-02,-1.102267764508724213e-02,-1.102267764508724213e-02,-4.510579630732536316e-03,6.996337906457483768e-04,4.441285505890846252e-03,7.403302472084760666e-03,7.720686960965394974e-03,7.854972966015338898e-03,5.042424891144037247e-03,9.694614447653293610e-03,1.366515364497900009e-02,1.279346272349357605e-02,9.771014563739299774e-03,3.096980974078178406e-03,3.096980974078178406e-03,3.096980974078178406e-03,3.096980974078178406e-03,3.096980974078178406e-03
-7.406582590192556381e-03,-7.406582590192556381e-03,-7.406582590192556381e-03,-7.406582590192556381e-03,-7.406582590192556381e-03,6.107325665652751923e-03,1.369410660117864609e-02,1.548127830028533936e-02,1.260946970432996750e-02,3.573855618014931679e-03,-5.771709140390157700e-03,-5.937134847044944763e-03,6.113693118095397949e-03,1.251680683344602585e-02,1.127795409411191940e-02,8.622475899755954742e-03,4.404068458825349808e-03,4.404068458825349808e-03,4.404068458825349808e-03,4.404068458825349808e-03,4.404068458825349808e-03
-2.265799231827259064e-02,-2.265799231827259064e-02,-2.265799231827259064e-02,-2.265799231827259064e-02,-2.265799231827259064e-02,-8.261363953351974487e-03,3.532055066898465157e-03,1.191614288836717606e-02,1.555770635604858398e-02,1.246797386556863785e-02,3.971102647483348846e-03,-2.306120004504919052e-03,5.299448501318693161e-03,1.282019820064306259e-02,1.396746467798948288e-02,1.175097841769456863e-02,6.108511239290237427e-03,6.108511239290237427e-03,6.108511239290237427e-03,6.108511239290237427e-03,6.108511239290237427e-03
-1.393426954746246338e-02,-1.393426954746246338e-02,-1.393426954746246338e-02,-1.393426954746246338e-02,-1.393426954746246338e-02,-4.657589830458164215e-03,3.790183458477258682e-03,9.187254123389720917e-03,1.178664434701204300e-02,9.444575756788253784e-03,3.156759543344378471e-03,1.428085146471858025e-03,1.242853514850139618e-02,2.035471238195896149e-02,1.827253215014934540e-02,1.030048169195652008e-02,-2.766236138995736837e-05,-2.766236138995736837e-05,-2.766236138995736837e-05,-2.766236138995736837e-05,-2.766236138995736837e-05
-1.162793114781379700e-02,-1.162793114781379700e-02,-1.162793114781379700e-02,-1.162793114781379700e-02,-1.162793114781379700e-02,-1.454156474210321903e-03,4.389117471873760223e-03,5.991553422063589096e-03,6.902005989104509354e-03,7.293140050023794174e-03,5.710589699447154999e-03,3.088786732405424118e-03,1.152661256492137909e-02,1.548646669834852219e-02,1.023761462420225143e-02,3.237418830394744873e-03,-2.660327823832631111e-03,-2.660327823832631111e-03,-2.660327823832631111e-03,-2.660327823832631111e-03,-2.660327823832631111e-03
-1.002252567559480667e-02,-1.002252567559480667e-02,-1.002252567559480667e-02,-1.002252567559480667e-02,-1.002252567559480667e-02,-2.846406074240803719e-03,1.433397876098752022e-03,4.979705903679132462e-03,9.151314385235309601e-03,1.092462800443172455e-02,9.128433652222156525e-03,1.891896012239158154e-03,4.573371727019548416e-03,7.492654025554656982e-03,6.227715872228145599e-03,5.146529059857130051e-03,3.133220132440328598e-03,3.133220132440328598e-03,3.133220132440328598e-03,3.133220132440328598e-03,3.133220132440328598e-03
